5821
5193
2376
6929
8675
8389
5629
9132
6965
6760
53
6468
2777
5572
5225
1157
7235
1333
3320
4573
3327
7185
5819
577
6953
8791
575
4401
8414
3435
1687
5838
9059
8157
1128
6536
1758
3688
4547
5589
3380
3052
1895
5966
2138
4574
4178
4759
8679
6559
6080
8283
4998
4312
1978
2812
6099
3429
2269
9575
9671
8170
6467
3568
2978
6537
1620
7705
4250
9433
9401
537
8828
125
6073
6390
4878
7952
8464
8200
7225
8932
6078
1169
3154
1946
7527
8767
3129
2040
2453
8819
6104
600
2980
9355
7087
5580
2385
8729
4947
6774
2868
7826
6820
6285
4740
942
2081
973
280
9317
5877
4833
1622
5418
9981
7
3463
6604
9524
9026
3784
533
9108
1085
1601
1734
1862
6772
2930
860
6910
4555
7777
9776
7158
7503
8379
1347
5198
4911
8151
2168
6248
9304
4575
8565
986
2794
4975
4127
7962
6659
8652
959
8069
2668
2518
2942
8689
6592
6206
7
3767
9158
9749
3094
8253
3374
7606
4911
8648
9615
3110
1112
1788
5801
8559
5731
7361
6817
3118
9002
5583
5009
825
4148
2381
3638
3365
8472
6590
8088
2510
8513
9570
9060
6499
7347
8844
6243
8518
6580
7252
292
5696
7981
8055
1061
2347
2947
8311
6887
8580
9067
9793
4419
224
3961
5908
6266
7632
3207
6553
6458
5516
7884
4551
6996
6999
3356
5741
5212
6756
5377
6563
6535
6375
8203
8344
8283
3609
2481
5907
7539
1004
2442
293
6497
8573
9568
1493
1299
5234
2731
8256
2438
3868
9123
6884
3455
4063
1546
356
862
1036
9879
7199
284
6224
6021
4292
6876
392
5272
4768
2197
7168
9689
5523
453
2276
8360
7098
8198
4123
5616
2891
6595
655
8716
4928
2829
1055
2607
6570
9263
3294
780
2700
5243
7890
4388
5652
7041
4771
7878
5178
5673
1227
3690
9927
8355
471
3886
4862
1784
9768
3713
9979
6561
6019
616
1380
6126
5410
9178
5506
1464
527
667
6819
2916
944
2412
9479
7387
7203
2895
4739
9165
4551
8100
6080
1408
4029
6513
4366
5200
9582
2342
7846
9474
6968
188
1789
6882
1417
3361
4152
460
775
333
8900
6794
1788
6066
2577
4544
4663
8999
3650
1667
5397
9855
4467
4450
9112
683
643
6106
4399
1267
3632
3294
815
8509
4294
2571
6147
4064
1592
8782
803
8386
2924
4759
138
4272
8727
4185
2263
364
1710
684
7654
6985
6670
7449
7854
885
8996
4494
4652
1885
2730
872
1045
8557
1885
4353
8066
2697
9940
3589
6386
2875
1352
4621
1487
7429
9635
1054
9644
8698
7911
5798
4217
6157
6412
2457
2036
9491
5185
6023
743
5886
1943
3437
3049
2066
7749
6816
2757
4930
3621
6490
2289
5333
8364
8280
7925
2349
5508
7309
8672
4676
5485
2499
9657
6847
8027
5085
9479
1746
2422
9623
9321
4609
1467
4251
86
5519
9719
7130
6584
5726
2590
4698
2999
9351
9694
593
8247
4942
7646
9559
8179
6965
8863
5175
7679
1900
2868
8311
2736
7886
2528
2234
943
511
9426
1391
9438
9393
936
5246
8608
8861
5933
488
7356
5721
9632
7111
1408
5469
1690
8935
573
6999
164
120
3894
2309
3136
4268
279
2498
9967
6304
675
3521
4354
5060
9992
5417
1726
9064
6774
7609
6753
665
6926
4245
6968
9986
5754
7304
1071
2203
9191
3888
6231
1976
603
8334
8435
5131
2038
7024
8827
8568
7828
3012
2797
3193
1553
7387
474
6244
2985
26
4260
4337
2499
7744
1272
6489
1093
9914
9350
5125
1135
6307
8571
9820
5226
5271
3693
486
2958
6244
3977
9967
4481
1561
2054
5
3570
4519
8062
7133
4800
805
6384
5154
711
5238
6476
3932
1693
2877
1082
5970
2036
6388
8298
5601
1670
3090
1848
8473
6858
3523
6255
3991
4
492
2917
2398
722
4812
7861
5825
2803
1810
8552
4271
3185
7773
7845
5888
4550
3979
290
3210
2366
365
110
9186
2653
9999
223
6756
6000
5774
6518
8518
7523
1620
82
1802
2221
9001
5768
8174
7993
7579
4128
2491
7157
7984
8689
2573
5192
4374
7578
5469
1197
9104
8344
5397
8702
1241
5568
710
9783
6086
3540
3337
8174
4357
577
7097
3055
6631
2015
1731
7569
1700
2592
7890
354
7853
7478
2444
2012
6525
5355
2450
1575
7987
3217
1284
4407
2600
9396
902
6727
8076
6861
3198
111
7887
3406
9199
6310
5588
5042
4982
7271
9775
5076
7744
217
6590
6899
5186
5265
5879
979
5413
8825
233
6848
2860
2870
7961
2001
5518
1720
3894
5910
7776
3208
3171
4114
5712
452
6837
4540
8004
2737
282
3148
6125
6520
2710
6261
4089
739
1218
336
5009
6726
5209
1326
3387
8399
6733
5682
1718
5043
2598
5155
8080
5160
8293
8898
855
7583
1164
1281
4514
7945
1166
4777
1357
4056
1664
2086
3672
6723
8649
4910
6875
6355
4014
8694
9385
1716
7026
212
288
3315
7942
5076
3144
3799
9114
6864
8948
2227
9817
485
7478
1018
797
4029
8623
5911
7293
7894
8654
8473
3638
2826
1899
1774
9556
2969
1717
3923
4843
5474
1918
3409
5010
4117
1321
9781
8943
2306
2498
7608
5176
6453
9855
3488
7417
5399
8787
3808
7852
4208
7371
2944
8361
6852
9258
4708
7298
7555
3501
6744
8783
8765
8537
9015
6498
5109
4771
4101
4741
1979
3337
6007
7006
2872
7481
154
1942
1422
2288
5521
2710
5216
9122
9947
1762
9222
770
4786
9892
9255
3478
5995
5986
1665
3026
5396
9368
6762
6748
9391
5040
209
3229
1697
6580
5159
5152
3221
1717
658
7147
2898
2294
8744
2738
6163
6923
301
1322
1760
5110
1247
1453
269
2606
5751
3940
9487
1821
4408
7007
3587
4746
8404
7241
926
7957
5339
896
7788
8031
4160
3072
3213
1491
7384
4246
1016
4285
1818
5762
4434
7828
6388
9313
3702
6256
1890
5442
3141
1823
2672
7185
7945
3457
381
9298
2835
7604
9396
590
1262
8167
9579
3080
6374
3607
8232
574
2621
5929
3495
3605
6810
7604
7245
7819
6426
6951
1309
7028
6154
3053
2873
8002
1648
4936
6401
2123
9067
2736
7415
7912
5536
8423
304
1241
299
4297
7656
3178
7700
2503
2079
5282
3857
6900
7891
4553
7780
477
3093
8749
9344
2339
8553
4770
6139
4292
4949
4185
8642
146
4853
3303
8275
5859
1358
7250
7306
7582
6208
4105
3948
6812
962
2394
2441
6327
7488
2311
9341
748
8932
9544
2482
519
2999
9636
5241
4891
3051
772
5964
6259
5971
8091
4763
7388
3816
6379
5238
9889
3875
554
6304
6402
3372
9861
6078
9896
2061
3488
584
8050
1645
5709
534
111
2625
2862
2091
701
5663
522
3162
6968
2849
6869
765
6992
534
9996
8970
4777
9500
1522
6015
5521
8305
4950
9066
4931
6249
9835
4766
8727
4443
68
5144
6563
3019
352
6663
3778
1488
8782
8916
9789
9249
6563
578
3194
7629
1072
3220
8953
5004
5694
5374
9228
7538
7880
3315
2210
3392
1131
7434
2699
9605
260
4601
5527
6238
8528
2613
676
138
5198
9140
7661
4895
322
3561
3441
1654
9910
834
7093
5
3485
8416
1860
8481
7327
956
2304
5852
3798
9478
7790
2546
1356
1051
8959
127
4398
1597
2783
4459
9483
2931
5081
5055
6290
1849
3691
4059
8677
9778
2614
6948
5435
978
4305
3759
3015
1533
6417
2556
3829
3186
7308
3775
4603
4131
4086
6950
3957
8702
2389
7122
3189
4949
1200
5865
1389
3464
4017
1253
3680
6141
6196
8641
1273
7677
8349
8428
156
3873
2729
7244
2715
6423
2156
9801
8755
7212
1069
9408
5852
456
8797
5675
7771
3964
3291
2774
5382
5952
9109
9037
8202
812
1958
3231
5551
242
9724
6977
3795
6168
5094
811
3841
3342
5282
7957
3939
2125
1159
8566
3963
9816
7591
6582
7830
1348
5215
4261
9707
424
5199
5241
1705
6361
2179
7460
1126
6660
1241
5176
9346
5558
3457
9233
4542
8035
356
7504
9960
403
3781
4418
5042
6505
6786
6558
7371
4641
6858
8582
4337
4827
2059
9970
5420
1493
1166
8470
3975
4020
8046
6282
1172
2467
229
7128
9553
6522
6083
9936
4327
4991
8335
4849
6407
2465
3116
279
7714
2977
3316
2980
631
3157
2419
4375
4039
2390
8116
6984
4154
1398
3013
4020
6015
6793
5886
1475
3659
6202
2764
2638
1527
1215
9006
9338
1250
6897
1860
6285
5623
2674
6214
5335
4320
6781
2764
5675
8213
6862
4260
6786
881
4716
846
6693
1044
7180
6808
5465
4179
7691
2203
546
6493
6142
3567
2893
5231
4272
9961
2880
9315
2217
9586
3815
4194
532
9504
5000
366
2283
6159
6465
1797
3416
2919
4579
8585
1465
7828
9273
5908
5870
713
2532
8995
4313
2120
3060
7573
294
2468
9015
4959
5088
905
7278
5331
3451
3922
708
648
3833
3376
9717
1210
918
2745
7458
5044
3549
587
1379
5545
2104
5054
8338
4223
5374
350
1868
185
5927
2417
4989
887
6256
832
3923
9498
1342
8496
3656
909
9280
293
9476
8436
7168
8595
5609
8512
432
7527
3237
6251
2156
4731
5595
9663
6943
5039
4288
6
2038
4622
7927
7905
4855
8166
3761
864
7730
2267
473
2961
8977
1722
4874
721
8434
6883
5957
2003
3464
1094
8106
2453
2645
3401
4864
187
4141
5373
3755
2703
9073
5827
4462
8694
5908
5338
6889
6861
2983
1816
8003
6640
3070
5559
5560
7033
6199
4973
1803
4495
7945
5913
272
8164
7469
6860
2060
7910
8033
6743
8437
2365
5633
1981
3956
5978
4842
283
5510
6116
6675
8504
1300
1464
8105
3160
3369
6574
7010
4788
2443
7149
8933
2271
4358
9755
6767
9740
4800
9020
6446
7335
666
7405
9188
6986
8132
6000
4503
2520
352
7151
8703
7874
484
4544
3412
1232
2759
3899
165
9830
4367
6779
6799
5244
4227
9479
3604
3655
5459
2586
6722
691
3766
6316
2829
5169
3811
7438
1421
6926
771
8981
6207
3353
4893
2118
402
9311
8097
750
211
7462
9281
4133
4156
3776
630
4776
2338
5549
7131
8797
1899
6072
6670
2357
5917
8943
6454
7336
453
2427
8764
2352
6168
1473
467
4627
3136
1592
3057
7700
5832
8972
6582
1554
7998
944
4988
104
8285
9905
637
3158
2350
8657
7378
3624
7418
8758
4578
3438
9241
1406
6378
5075
8401
1612
5943
9063
7099
4973
2505
2240
1421
8219
5633
1738
3318
7667
6369
7471
3908
9337
5691
4109
260
2499
6035
1817
1742
4491
3758
8670
1896
766
9437
1912
8992
306
5425
5242
4338
8726
9112
9413
4292
2445
5474
3418
1702
6013
7728
1349
9850
3161
240
8058
4726
1031
7518
512
6568
385
9665
9474
4825
7245
4241
1737
9075
4909
6737
1829
2314
4523
2244
2166
901
7366
712
1786
7545
6419
4777
7680
6192
1273
1535
5811
5709
4075
3583
166
2474
638
5594
6178
32
180
9688
7403
8317
3064
1008
6545
5956
678
158
4694
709
1999
6217
3641
2291
761
9557
6220
1639
3228
1529
1565
915
5920
915
2264
833
9561
4995
8058
4079
2770
6011
6886
259
6202
6244
2677
8007
1514
8588
2027
2113
3378
6508
2286
9737
4277
6294
6608
6467
8844
4459
8151
5761
5249
9447
6428
908
4702
7857
9026
2465
433
8467
3764
4969
9830
6674
1951
3289
6464
7452
5304
7169
6087
4320
9726
4021
3493
9596
7904
7781
2792
4725
6909
4051
6520
5601
4014
275
4648
5127
1089
7484
5869
4502
8936
5012
485
5334
661
7975
314
9267
3911
4637
5731
6640
7853
6330
9905
1696
7447
4002
8952
4553
4560
8456
6519
377
2637
5543
2401
4127
5858
6290
8183
1105
3049
3838
9283
1058
6660
2356
3239
7076
5261
9081
1774
2843
406
4865
9065
244
8903
8709
3869
589
9075
270
1944
738
5562
2320
5056
144
1941
8328
7560
8806
5161
1608
5077
7596
4714
9707
1136
6612
971
6013
1797
6679
5513
405
9866
1573
3306
7102
6394
2092
2421
378
2885
9708
8612
8184
5847
2380
4316
3938
3460
7386
395
8617
1327
7519
2545
4460
4721
7770
9205
624
6008
603
1376
4034
5096
1528
5748
8739
9609
7362
8621
8747
7274
1031
1607
5074
1438
2278
1894
8512
3757
3967
6349
1366
9087
3600
868
4797
3943
2053
3766
8914
2264
1477
6525
354
4938
7741
4194
1271
2420
8639
8849
2865
4280
291
7606
5346
8094
6873
9338
2567
2371
4652
9415
9407
3530
1847
1349
3801
4649
2606
8975
710
3249
2315
2191
7534
319
367
9848
1656
8222
8527
2949
2049
3402
3617
7803
6273
3909
3207
6003
7895
7646
6638
1102
2331
5137
672
6547
2564
5968
1471
2913
4140
3930
5090
1352
135
8364
4708
248
7937
5734
556
7274
8599
2003
3756
9889
4408
5111
1648
1538
4248
931
7384
3801
5079
7660
6779
2790
9080
8836
3085
5077
4365
2388
5676
7936
3889
8644
3192
6872
4508
6282
4772
5193
638
5467
6622
6179
4030
7986
3424
4565
2598
7584
1565
2129
1629
6676
13
8410
653
8151
3299
24
6886
1292
4444
2228
5388
3797
8328
3936
8250
6323
8897
2362
5501
8273
7481
1980
8306
6790
8798
8375
2832
6032
5540
7318
8658
83
8913
4003
6803
5887
2060
8401
8415
7825
1400
7503
678
462
3903
5329
370
9022
6145
3896
9174
4723
9248
7454
2991
9086
7283
3206
8044
9449
8159
7023
3247
8547
8165
7487
3083
7754
2466
6268
5997
7295
9649
3974
4718
6036
4900
790
7693
4619
1427
3803
2659
8656
6808
6544
567
8284
9214
517
1830
7840
40
4599
2616
2212
1456
2623
7935
693
1399
9081
8708
8435
8866
1144
3377
1653
3421
1879
9864
149
8852
6480
1519
831
150
5945
4773
3443
3429
6042
8834
6038
3767
3393
8891
2438
8341
54
2242
2554
1608
4416
4907
9501
7129
8183
8894
6970
4324
1632
6796
2337
1281
1259
7011
8756
4391
761
1666
4867
9050
2929
3927
791
6575
1934
9159
6518
3898
9690
6904
3620
4962
4957
6070
6983
9934
3873
1990
2479
4880
5631
8275
3851
6622
4601
5586
2238
4337
1995
7380
7104
5837
6600
8659
927
775
9668
5437
2196
1295
282
6185
6654
6782
491
5166
9510
8196
5129
1680
6317
1480
2386
980
9939
3526
7022
9698
2295
2046
9463
4262
7664
642
7794
7350
9060
5336
3840
296
3938
770
5284
9601
3904
169
2438
3084
746
2125
9191
1607
6809
6793
4949
7549
5403
9996
7307
4868
3716
955
5637
7875
8532
7120
2711
7515
6169
755
5866
8585
3935
6945
319
1412
5930
163
5814
1652
6872
9818
3217
7217
8692
2865
5118
9327
488
1383
9400
6339
8432
3501
8792
2591
571
9622
7797
6271
8269
2268
1829
2127
1800
7729
7394
861
1630
5078
584
6892
8539
4479
7382
8778
2003
7464
5729
9924
1346
5220
8280
8008
3597
4471
4028
6276
4576
6916
9834
5736
1504
2367
7752
62
8814
4224
1475
9397
5206
3996
6892
9989
6401
5084
62
9073
1191
9967
2549
4508
3864
1377
948
1162
7805
9507
9914
2770
9388
6367
4971
5115
3348
6218
2326
767
2378
9147
8665
661
106
3362
5496
7351
8187
6295
4002
1187
5657
8709
6010
2041
4501
6301
4099
6283
7401
2722
6839
8832
6330
4344
3333
7607
168
8151
1902
3160
9482
8605
5051
8172
7813
6193
9618
5188
991
6194
3433
9116
2658
7400
247
6129
6711
9268
9432
5616
3385
7716
8811
3047
4344
3683
7713
1402
7922
9935
517
5118
8350
5473
8227
1744
7925
702
221
6050
8002
796
6688
8495
7736
5685
9692
288
3155
2019
7685
6220
5619
8372
4613
3366
9734
6931
86
1166
5899
665
3120
2496
862
1876
9051
7388
6232
3290
9131
8149
2229
2463
3021
9557
6898
2035
904
7737
4704
5710
8762
3293
181
8398
7621
2119
535
1932
3121
3623
5394
1357
122
1779
2097
3437
9862
3994
5587
9230
1485
9830
6803
8671
4917
9377
64
2983
9017
6614
9862
7583
1407
3212
6015
2745
2770
3779
1422
290
240
1076
3887
3755
7268
7919
1279
1553
3648
9090
4986
2434
5849
9228
4372
1373
9727
9250
5659
5196
6304
6914
4595
6083
2588
7205
3659
1219
4246
8320
4028
9161
7749
5894
9009
7781
7823
4022
9430
9318
2626
265
1323
3552
5774
5807
1103
5764
2208
9639
187
7424
860
8303
5062
1841
681
7812
7360
1980
2555
4782
9201
5872
2718
1980
6513
6537
4842
2776
8124
8490
6191
1638
2808
3852
7448
4766
5033
447
3336
7165
3266
5589
7222
3916
5339
1639
7640
3183
1737
7501
3641
3714
4364
7112
3189
9220
9882
1746
2945
2952
2840
6646
8732
2661
4929
3748
5179
1744
1308
8447
9236
2115
9683
939
598
8047
2085
5123
5303
1150
7364
4367
3820
9150
5945
5364
6122
2513
8055
8779
4830
9268
9134
2068
2242
9770
8403
5168
1390
3469
8674
112
4845
5681
5346
5140
8932
825
7681
5844
2476
2283
1471
9990
4685
6326
5625
7275
8527
2920
4123
5897
4109
4684
1282
2543
2335
1566
5637
8016
6221
6952
6592
3622
6043
3034
2872
9910
8055
7239
4103
7080
4695
700
6134
9097
3243
2013
1107
9667
6207
9705
3178
3237
1773
2952
4883
1427
8129
6152
8766
181
8818
1776
5020
2684
3366
1999
9557
5210
5661
6254
664
8392
6089
5579
7386
8417
4718
5202
37
2526
6672
493
6164
1553
5968
8997
2135
6243
4223
9357
7483
9610
3426
1249
2333
161
4599
3655
43
3670
2446
6492
9866
1953
7759
6146
9962
1224
9243
6271
2001
1900
2385
8454
7363
8325
5815
6914
9905
6436
7457
9137
6717
7854
6880
3811
3444
6285
5956
2689
3784
7310
8008
8908
4699
747
6083
5238
9199
6752
6569
2932
9692
8087
8954
500
5832
8674
7112
410
4213
4570
9559
1000
8513
1791
1999
5172
5337
90
1109
7940
3924
7265
8703
23
5698
5450
6715
2346
763
9310
8367
9557
6827
4263
4949
7994
264
2662
2898
1080
7026
1568
2584
134
971
2539
7630
9731
4358
9462
5760
5394
6826
972
341
3429
9295
9649
3131
1946
2710
4010
8865
6595
8270
8019
8653
7765
2971
6301
3257
9030
7353
5396
2587
2501
5583
5666
4199
5676
6357
7847
7987
336
4549
9609
8358
432
2170
199
5932
4268
8256
7053
5429
9921
7604
4895
9005
7851
5857
2821
276
3326
6470
3597
1995
1234
4827
1647
744
3249
5943
9988
1696
348
923
5779
7887
8832
9933
625
2031
78
5599
4644
2650
1049
4412
5224
7484
6488
5902
9627
1282
2084
4917
1063
6458
7972
6994
1388
7679
2400
502
7996
943
8410
793
5202
6033
5291
2423
6445
8976
5256
6821
7441
3767
8507
1502
4817
8562
8874
2824
5099
3265
6039
3396
4112
818
8975
2845
1712
1371
6753
2592
2960
4675
512
7993
2335
9305
9596
6915
7871
4022
2986
8362
7228
4054
6945
3053
4893
5919
7685
6080
677
7210
7710
8453
2578
9400
2667
5117
8360
967
7492
2818
6043
4263
9901
1430
2278
5310
9972
4024
8124
3587
1083
4717
9691
3836
2558
1443
8910
1296
3310
5738
6734
2845
1604
531
1478
1824
7736
590
9916
4737
4631
6266
3744
6364
7248
8983
6221
2572
8162
9414
8207
8282
1714
3864
227
9779
8187
2903
5984
4374
2693
8712
4084
5264
3432
4890
5327
546
8072
5234
8894
489
1299
9672
3346
9706
361
3832
1310
9703
4997
221
3199
8889
8002
3477
702
9691
8417
1909
8343
6464
2884
1695
5181
6864
67
6918
8002
937
3606
4571
5859
9159
2153
5279
4692
9343
3443
6097
6522
3229
5656
1158
796
3612
3985
3636
6947
7943
2067
1155
8728
1208
7385
5794
6216
365
1341
125
8268
5615
3995
2760
9612
8197
9755
4155
5759
5881
6296
8893
147
1163
9004
9840
1259
6396
6824
8172
7941
7090
661
1729
1421
8761
9620
955
738
1721
4023
5317
5680
2111
1496
9535
299
9844
6683
898
5232
5879
6892
4698
8453
82
1762
2566
168
9245
4378
5552
2074
6297
3850
2100
4167
2953
5317
1489
8005
5349
1490
2076
8897
9112
1864
185
2078
4481
9452
4248
2019
6033
9335
8890
4968
3924
8437
4728
7309
9000
6795
143
8619
1658
1273
7554
2370
3401
8139
4664
1873
9271
4684
2111
9110
9590
2368
4901
1259
8195
2488
2350
6516
8620
5168
5647
9573
3185
1165
8914
2465
3227
6904
6131
9939
529
327
9410
1249
1459
2963
6697
2316
7655
9661
5538
9917
7730
4720
9308
1201
8072
8747
5822
5516
8220
7318
669
1988
7340
6223
2443
1345
3233
7415
9345
4248
3739
8639
882
907
4305
1939
5943
2894
6838
8767
9959
5859
4893
4523
2277
653
9202
4294
4714
4809
5594
1878
6755
6771
4752
3191
5976
1390
8403
710
4729
2914
1942
4636
2211
1353
6595
183
1106
7991
7863
5253
6831
65
2028
2733
7669
3253
4866
2288
1955
2857
8660
6139
1397
2958
8741
3250
843
7484
3474
7982
9327
7642
858
6988
325
1436
3462
3160
3010
9241
9082
7816
6938
6357
3620
2904
1988
1922
1317
4816
8340
1757
3985
5372
6428
2666
3946
4606
72
5918
4300
6228
2042
7130
5292
9756
289
9706
6425
2277
6763
5759
6397
4104
7947
2422
5235
7269
8468
3477
7613
6867
4442
1440
2508
8300
3388
9325
3324
8270
7421
2879
7779
4388
9630
1189
128
9414
7960
1893
2340
2193
6986
5017
2573
5905
8689
1919
8503
312
6304
5731
2458
5797
564
4743
7675
4966
1772
5185
5163
4671
8641
1080
1826
275
53
3409
2048
4579
3569
519
9716
2060
4831
7593
6504
4630
1858
7905
4113
769
8850
56
2694
9631
1381
1304
8969
2699
3439
7378
277
7428
1669
5944
6133
4035
7752
8023
7760
6648
8370
8867
1961
1211
9275
3437
3726
6556
6837
4561
4516
1853
1440
589
4620
8319
6158
7289
9438
804
8778
3480
457
8796
5550
7975
4851
7497
107
2108
9384
954
6908
8375
7746
2473
38
7534
6396
705
7875
3321
378
2488
7482
8971
1593
3253
5454
6441
9351
6149
303
6346
9044
4007
8268
6493
21
7297
949
8893
5012
5582
3382
9956
400
6881
5656
3846
8459
7576
753
1835
632
9089
4948
1386
5231
6969
8318
1533
7627
6803
2987
3049
554
5005
8995
7956
902
5765
1051
7245
8630
1284
3464
9311
5083
4793
5437
9980
8611
3647
1994
7104
3836
3765
6243
2417
7389
8414
6935
321
9669
8766
5976
9249
1630
3460
4644
9741
1273
4147
3836
8618
4517
9893
8
1318
1673
8786
5210
303
285
832
548
3325
6310
5780
8678
7493
5862
9584
4054
361
6125
352
2460
2168
8603
9761
1104
306
3607
552
9465
213
5289
126
9816
8356
5810
6113
9910
1365
9233
3036
575
2739
8445
4649
8157
5678
9194
1595
1296
2900
6775
5341
1646
5380
7986
121
8169
9073
31
9128
347
1495
8388
1669
8754
5757
2304
2845
645
1515
9763
8671
3922
3334
8342
9705
2591
3235
6500
1104
3474
6890
3898
9762
6374
4527
8173
4161
8168
3280
2596
1037
7158
2590
4117
7098
2918
618
4988
6682
2231
4526
8748
3303
5645
28
6458
2758
1048
4527
2694
2940
9680
8884
6489
9940
8817
3919
9921
8621
8905
9234
2110
2533
5841
4086
6272
8050
2383
5858
1719
7446
9036
7537
7292
2696
8205
2536
8442
6531
6849
7943
6294
944
4663
6750
7831
3283
8103
2475
7206
6467
2930
9224
5760
7844
5821
6372
1229
8568
3006
9566
9362
274
6754
284
3966
6593
8556
7649
7587
6320
3259
6170
6420
4883
8740
7512
3365
8136
2409
8260
8489
880
6467
1518
1096
4900
7951
6292
3591
1360
1919
9481
5488
4202
5878
9
1049
4038
4958
8407
9728
2076
1613
1410
6576
9176
9830
6020
8825
8625
1328
5274
6183
5097
7661
5503
1741
9712
8132
8996
3502
3312
8868
4544
8503
6867
4125
1116
3255
4689
6174
3980
8063
3630
6567
3873
1823
5162
601
4471
1095
3789
2838
8647
5219
8016
964
3472
8103
6606
8424
5846
347
3960
6608
7116
1606
5624
5567
9368
898
2466
5166
932
8516
7909
2818
1934
7434
9314
1313
3165
6478
8377
6318
5768
3567
4292
6459
4323
1495
775
4534
8886
4650
8228
8190
3919
4421
9231
3278
3383
4647
7416
3921
8059
7659
3637
375
4735
5263
5753
3508
6140
3442
3318
1211
378
1721
5718
8048
5030
7778
4616
2695
981
7627
3548
2036
3870
1953
8646
9915
3793
7144
6051
4546
9549
9070
6730
2748
5702
9307
3819
3877
9057
5249
3871
2218
7773
2657
1775
2711
7247
2860
2701
3167
7165
8849
5234
6427
3569
8031
9506
4018
4044
34
1688
1161
9301
9408
1921
4525
1158
6090
7765
4286
7565
1710
7595
6322
4947
6102
3660
8901
9970
8549
6437
7020
2555
9962
3075
4987
8234
5823
1208
5412
1162
4528
9052
6714
2518
5022
3171
9747
3415
9854
150
5093
3296
3269
113
5017
1628
8334
4013
2790
6670
9118
6777
8986
3490
4653
952
3990
9984
50
4387
3999
5811
9559
6278
2634
9170
2715
2629
8898
1406
1541
4845
4053
7316
6531
4833
9071
4975
9302
2619
4410
2307
5218
355
783
1834
2514
6560
5683
8189
5029
7687
7984
9878
3729
329
7372
7820
6976
1027
5652
682
1676
4832
7231
5413
7291
3820
7643
123
536
4137
9111
1086
4727
4649
8328
5089
3235
8985
4787
3216
9511
3806
5706
1044
8599
5405
6788
2787
1427
2129
1402
321
3619
6226
4552
9633
4281
515
8790
7793
4816
5078
4093
233
6745
8145
6059
3529
3448
2821
168
5169
5459
8906
857
4632
962
1591
6934
8881
490
522
1702
7604
5931
2049
142
4846
8669
5195
4487
7786
1270
5298
3544
6880
8077
8030
271
6665
2429
777
1357
2388
1878
2638
8277
5206
2516
964
4022
2657
9228
6032
2958
8757
596
2288
9264
1538
7552
7977
9805
5657
6644
8687
4456
6868
2420
3645
3406
4465
6826
2855
7747
4147
3749
525
9205
2512
1278
6374
9352
8371
471
284
4221
606
7436
8602
9747
5742
3242
4459
8968
9317
2677
8213
5195
4360
6674
8168
6658
3320
5146
7225
5912
9645
6953
833
6430
3299
8104
1688
512
6345
8222
7091
9480
9951
1045
3977
1773
3269
1761
4186
50
3172
1943
9179
8732
7654
8042
1336
4689
1189
6132
9685
765
2678
1762
2993
3674
6607
238
3108
4740
7204
462
4991
444
9359
905
7282
3911
2960
2856
995
9720
9458
4886
9932
2724
3266
3140
5164
5773
1400
5769
1174
6653
520
9662
5681
7696
9008
3875
9499
2249
3449
5405
7017
147
4505
3983
1292
9851
3332
5439
5303
636
3795
9537
18
7729
388
216
6150
8311
8761
633
1950
2212
9409
6478
4965
7012
7155
6826
641
4291
6970
4754
4861
4398
9895
3973
439
1334
494
1396
2407
6730
7810
7657
224
968
2665
9830
4526
1912
4790
5378
2725
4590
9661
1650
6513
7534
7886
4106
9391
4366
513
9135
4240
3443
2437
8392
2588
8216
5087
9890
3331
9020
6361
5421
6886
4583
5373
7331
3646
9751
7609
480
2594
3658
2422
7516
5918
5803
8872
5525
6333
1428
7110
6732
5804
9596
400
4044
2773
2020
4478
6445
5495
3186
2989
358
8777
3381
8917
5633
7493
829
3627
2681
1977
9573
442
4022
5296
5510
3683
9844
4377
5538
9766
9345
6639
2136
3347
6976
5763
4077
224
7224
7403
3501
8779
4462
3765
9669
9593
4158
6379
5612
8637
5339
9389
2640
7567
7253
3599
2293
7350
5774
4962
384
4904
1933
3365
3939
796
2887
6422
8952
8253
4785
4950
2386
4989
9249
1387
4669
5881
5630
767
9763
5888
1194
7139
8892
1344
2121
8559
8377
8426
6417
1205
6828
8290
771
7793
2849
7287
4968
722
2990
276
4114
1108
2850
2434
8996
9186
875
5825
6929
284
7499
4711
9071
9301
4970
4501
630
2351
1387
2424
3218
71
6246
821
5985
2829
6151
4484
8317
6967
1379
476
8745
4801
5564
357
3653
4277
4868
5048
5716
6661
1258
5912
2149
780
9317
4823
615
28
4766
7749
9905
6487
2128
1810
5073
8948
7217
684
4025
4593
517
8595
7041
197
1148
639
5309
9861
923
3047
5997
7699
7692
981
1839
6531
8191
484
716
2137
2283
481
7187
4981
400
3827
4381
3633
8150
165
7893
9672
1795
6030
6156
9353
6632
6471
4908
1725
4052
4128
3197
6836
7415
6437
7019
5360
5042
6222
7295
8602
8440
3259
3245
6021
5043
9457
6471
421
8621
514
7469
2057
6919
5459
3643
7036
9541
7206
3218
3966
9954
3243
8149
4192
1192
2551
9076
8014
1575
5687
9089
7984
2968
3764
3482
8662
2936
9377
1348
2461
1825
7313
6304
2396
1350
9210
4409
7712
4277
5227
9665
5933
8115
7047
6958
4959
9465
4021
3079
8783
5955
6668
4729
5186
7550
9526
3623
7427
9544
3420
2588
4316
6840
3024
4076
5553
4882
5133
7297
7774
1185
6077
2134
8607
1952
8594
5757
6830
5174
5318
2692
7834
3195
3209
66
3153
1475
5613
3227
1890
3283
1046
7361
5141
4530
2864
245
9140
5184
2678
7
8599
4631
4607
7303
4919
5592
3484
4049
4950
722
8237
1842
9038
6834
6235
1880
2500
4761
9409
3175
7014
3472
567
452
6281
2485
4280
6808
46
6708
8526
4253
6770
3811
2698
2971
5439
5093
5923
8263
6147
5095
3020
3635
2882
7435
7763
1752
961
3783
2285
2966
4565
6339
4466
7975
1963
6679
3258
2674
180
9642
5564
5374
1743
9121
3405
7679
2782
7003
4718
9043
5010
8472
5078
2349
4845
1600
2818
3341
47
2937
1017
2343
1472
1857
7949
3346
5558
1576
615
4649
9622
8659
3159
2913
9662
6892
6696
7136
8927
8394
7738
9023
1691
3763
4191
8836
1284
1347
3999
4205
8845
1822
7248
9113
5609
6206
5498
1665
1954
8211
6567
2886
1805
1299
1651
6025
7990
2640
4505
6374
5106
2910
6889
1770
9489
2915
8280
4661
9166
669
8768
2014
2026
3930
5263
836
4798
8521
7052
6813
3576
189
4981
8331
4443
8649
8059
5171
2781
2514
846
6770
459
5857
2299
5841
4905
9111
9500
5793
2993
2094
1462
3708
5369
9240
6194
2058
2440
7726
7133
2871
3390
4488
7515
7670
9953
9917
6658
6166
3997
2022
8255
4169
3498
8842
6345
8776
5166
8431
1095
218
200
4288
7663
1455
8959
1522
8799
9381
8514
7874
1923
6113
9863
5017
6586
5951
6847
8154
4148
3121
8535
1441
3341
840
5436
5996
1912
8607
3410
4528
9950
8201
5932
6142
8414
7482
8531
2078
7987
165
5755
6085
9940
2175
3439
2625
8128
9067
7341
7342
6834
1726
8738
133
2701
7153
7092
3731
3374
3473
8661
8816
3482
143
7128
5779
3179
1656
18
610
7323
1812
3040
5185
571
1442
8072
6577
1143
5389
2943
9444
4991
427
4536
8446
3352
4509
8962
5324
1104
990
8265
2244
5722
2061
6536
971
9081
2619
8504
6934
1806
5274
8564
493
8288
6049
9779
5663
368
7135
7143
326
7316
2849
9355
9016
2902
8984
8084
2424
1256
4908
9540
8360
9327
4580
6465
5991
4712
9165
2091
5305
5331
4042
948
8335
934
5012
988
580
900
3815
2435
1864
1886
7747
9695
5565
3094
5678
8204
9650
2233
9497
3998
9609
2586
9559
3795
8255
6636
7375
5577
2881
1635
9900
1615
9188
130
5902
994
3990
8443
6800
2649
3231
1644
6526
4064
3116
8727
7116
3779
4181
7089
2414
4859
9619
3525
7859
2618
9846
9192
1115
1911
2850
1053
6645
5236
7367
8047
7106
6763
2773
9040
6470
7820
5271
1328
1062
8500
4619
9034
9771
4946
1680
2592
7376
7521
5183
450
5697
2857
6545
6444
1710
2183
8062
5126
3703
4615
2390
1488
4824
6039
3063
5669
7722
9992
6848
1316
8980
2595
9038
1835
5397
9357
1608
2425
9917
4222
8020
5169
5278
9778
6542
9223
6156
9565
7237
1875
5315
3887
9970
209
1234
2853
6056
4982
5711
1031
3552
1548
2798
3682
3595
8849
430
1204
4641
8228
4447
1949
2500
7797
4908
6678
4540
1753
3894
3687
5176
7796
3754
6854
5788
8262
7514
4401
7614
1790
3693
1522
4285
4171
4359
4612
9626
4776
5875
8754
9531
5173
9990
8787
9043
4243
8841
936
733
1602
7453
688
7843
7929
9686
9941
8192
1190
7842
6433
7336
1485
6651
6976
8690
9846
9124
6263
8580
1188
3868
2595
2060
7109
6637
17
2887
7436
7135
8460
9758
4587
6682
2769
2422
2136
2520
2328
5838
4294
2728
3482
9357
6958
4784
8910
5582
8524
9160
8176
7976
8087
2470
2367
2815
6692
2572
2418
3250
7296
9981
4059
4779
7140
5018
8090
3151
1609
5342
682
6811
914
3969
5476
578
2994
8699
7975
9987
9425
5532
5952
7398
6167
3266
3388
8473
7890
5432
5401
7278
6139
68
2286
1585
84
8584
3543
4639
1690
204
909
6370
2020
8948
251
4002
2688
7652
9798
6463
4467
4259
1538
3
2356
8852
7258
3905
4606
5502
6725
7976
7393
1294
7683
9438
7956
3327
1062
6172
7023
5655
7752
6905
1448
6928
5639
3890
9724
3057
8119
6303
1664
5295
4117
7688
1756
2057
3675
7261
5877
811
8687
78
471
9363
8994
5188
608
4259
1262
5555
9990
9097
7904
5003
7489
7923
5583
8316
5840
7596
7416
9782
1381
3672
5679
5937
7163
4088
9195
9957
9894
4293
4574
782
3780
8645
9617
1041
5452
9377
2571
5423
1897
946
8952
9419
8741
3959
1701
8327
7009
7670
2037
3129
8541
9915
7861
6989
1355
4920
8658
2005
5577
5668
561
2313
567
617
6946
7353
4730
9873
8334
4589
9741
7692
9083
6079
7394
6361
8302
1216
3798
3006
174
2619
6240
4730
2311
6348
1880
9319
6063
6311
1466
9719
3578
8773
7475
1043
2209
4437
4799
4315
7547
9845
8581
327
998
8986
6378
4404
1599
4203
8333
4936
1165
2213
4359
9562
9572
3808
4986
908
8139
6272
9378
8181
3956
3445
8728
235
3747
5414
3425
860
1225
1679
7125
2008
1211
9472
3462
2220
9381
2999
4081
110
8692
3825
3424
6832
3009
9231
9088
141
25
6252
4364
8528
501
2298
8674
7548
5008
472
1522
6511
2199
7156
8432
8060
5459
937
1083
5283
8869
6267
9893
8559
5697
6673
6558
6884
6176
1091
8135
2126
2556
5832
9040
5346
2029
9270
7419
8856
8561
3501
1508
2798
6312
3605
2001
2046
2438
2834
7881
1924
590
5516
9189
7065
3781
8588
6950
359
64
9489
78
5362
2314
9555
5028
8426
4030
9201
1104
7778
3664
3667
2533
6689
1209
5955
4439
51
5379
5990
8468
4808
8854
8191
9275
9247
1009
4474
6909
1481
3249
6940
8795
4263
2676
7343
6904
2590
8351
4528
7230
3795
9590
1797
577
6358
5598
7277
2564
3225
542
9480
8166
5607
3957
2466
9737
1715
6795
2365
9638
7374
9935
9658
2021
4982
6445
4397
9008
1421
9786
8416
5921
2925
4902
8989
6168
7116
2766
3230
1705
1431
4291
2530
4036
8206
8543
7186
650
9678
8896
770
3984
3325
8346
8911
231
7106
2872
6662
5839
6045
2737
8374
9666
1430
374
9369
4982
8901
7677
2085
3895
3258
8084
348
3590
3813
1907
7923
6009
652
39
2212
5491
6143
1884
2183
956
4021
2229
4067
5351
6226
1821
6041
787
5483
7887
7113
2086
6392
5022
6379
7061
1695
6067
8285
5024
4220
7437
7282
7438
7457
2265
9639
5425
9805
849
9006
9666
6945
8050
1781
9725
6757
8783
3693
8442
8168
9049
5510
5301
3501
3520
9030
8222
632
8512
2144
4275
8712
598
2371
1448
3765
930
1974
4919
3237
6054
8136
11
1146
60
2943
8764
1898
2027
7807
5015
6045
2218
9760
3818
8602
9416
8653
3414
2016
1620
7928
7026
7440
2807
5765
6755
1947
5422
7386
5399
3018
7598
381
8801
1791
5596
4864
2428
4166
1464
8583
3062
5678
4079
9162
3175
1480
5857
9655
8813
1102
727
99
9970
8462
212
2570
7884
7335
8728
2068
522
6155
1340
906
9128
1280
5769
936
599
5805
7538
3593
66
1259
3274
6622
927
3383
5252
8707
6223
407
7060
9078
6530
4226
3752
9349
7354
9897
7952
6554
628
3774
256
5433
2105
9382
4508
1632
1709
8102
2587
7867
1007
1594
1955
1032
788
7708
8090
3587
4687
8081
3913
3890
1637
5653
1306
1862
9539
8812
6343
3439
7725
7517
7844
2545
4551
3843
6261
8825
401
6582
5169
2005
477
9033
2431
3782
2424
4245
5457
4921
8303
6337
4398
6170
774
7812
2908
9003
5856
9856
4092
3270
4479
571
2449
730
2013
6844
6215
9048
7078
1334
6034
1875
2547
2279
8924
131
2945
1202
4093
141
9432
5267
3523
2806
1698
7416
5603
5366
6509
3822
3206
8858
7661
2636
35
4624
2074
2307
1862
9035
5878
1086
3423
2712
4467
5552
6740
6467
8927
27
6914
2413
1642
1041
1785
7439
8526
8811
1618
6594
8
3275
4177
8487
4456
3280
8732
7961
3221
3450
7158
6912
8511
613
4847
5368
8222
779
7598
799
6870
5283
801
5886
1319
1902
407
3474
8719
7125
9109
3812
9927
1028
1109
6626
7787
7317
4447
7085
74
8113
114
8529
1631
8065
3769
3336
6204
491
7552
8849
8162
9531
922
1345
3308
6022
7776
626
9001
8087
8797
5943
5385
2945
6662
4890
2830
282
9188
7032
1068
5611
1490
8427
4779
1835
3362
564
2802
914
9010
4824
9153
9006
3381
3739
3189
3936
4695
5597
8966
5117
9693
6448
8402
9293
6376
5952
6616
5274
8162
2936
2403
935
7349
2562
779
7991
4172
2039
9146
7701
1002
74
3954
3155
9231
3326
9149
692
3070
4037
3974
140
5878
6507
4431
9633
2323
5283
7388
7531
3575
8392
5993
8062
938
3971
6377
7984
8193
4459
9629
9751
6223
8891
4606
9333
4699
8089
5931
8538
6266
3413
3360
187
6136
2394
6161
6106
2568
5765
6278
6852
8062
7678
7186
6897
988
6420
7453
7493
6774
123
4039
6580
2609
9025
8909
9918
6618
7614
8994
6354
7246
2164
1164
280
7784
1924
1624
5623
6126
9204
6198
3568
2380
6779
47
9357
423
9547
1013
2037
7410
5049
3973
5883
1644
3213
1493
532
4838
8269
5645
1161
1764
1418
232
886
478
2291
5206
8541
5341
5910
1662
4441
8944
1426
8248
9555
2873
7082
4526
460
5465
4044
2313
1052
723
698
4017
8817
5847
4311
8115
5518
5755
5053
9497
7059
1399
3318
4373
6528
8710
3887
5143
9118
5107
1823
4790
9638
2083
9136
4370
5817
9385
8260
4686
2284
2705
8023
9077
5976
755
6438
3677
540
8961
8129
2701
4899
4211
1463
4178
3859
6403
9335
7442
2322
9653
420
1459
4053
1372
4276
272
449
5414
5018
308
1353
3506
1375
3303
4043
8574
4123
773
3661
9107
9841
8075
407
7697
4277
6994
8255
9643
2997
222
3819
6915
2278
5950
3078
3864
1493
3617
8069
7966
9447
9094
5864
74
6497
5316
4144
4437
3792
7977
5526
6027
6665
9400
4351
5302
2172
743
4920
6570
8148
5756
1990
3628
362
8536
9978
6584
9768
9086
8505
4326
976
1294
8820
14
4467
9932
9665
8273
6703
6919
1186
7944
4978
9654
3151
5945
4841
155
143
7564
2710
2314
3459
8820
5429
6354
6970
6169
3732
2927
8249
2
9367
5238
6647
5021
6010
1458
7156
5113
6050
8172
7146
7513
4686
1374
6194
2900
738
711
7716
6318
8436
4013
601
9450
6570
1100
8665
1706
5445
7544
739
7795
312
4897
7177
8226
8110
4438
7175
4438
2623
8981
8803
7172
4998
3052
1503
1150
5514
9678
6251
1947
8363
3509
5143
9504
9117
2473
2544
1909
4568
1115
2777
8424
8017
109
1408
5269
8542
9229
3385
7898
1595
4519
479
3692
4077
7221
8245
5547
1725
6674
8878
9633
6638
1363
6879
5501
5692
3176
3497
6547
413
2428
4920
5413
7884
428
7070
1944
5477
8582
2401
7357
5135
3759
327
1959
1020
6863
3292
3751
4722
830
4807
5871
8124
1506
4472
3230
4586
4037
9416
1199
9560
1825
9573
4230
5543
1291
2331
3118
8464
4927
8536
970
703
6245
8136
7862
3199
9870
9401
5510
1464
5560
350
2936
7057
4625
1213
3858
2602
347
3974
8881
8821
1986
5164
6764
5841
1749
7406
9970
5129
2847
6522
4186
1803
9500
1599
1791
7184
8472
7904
5911
5686
1142
9274
1210
3717
1613
9794
6843
1503
66
5734
6107
701
2479
9053
1232
6741
7045
5156
7217
2014
2167
67
7900
1297
8975
7614
1437
9609
5339
2060
4537
2179
8651
7917
6399
3953
3248
1667
7949
1197
5672
2397
2419
5097
4511
9741
8150
1515
1943
2300
2671
5455
5080
3613
1782
4206
5522
2712
8984
4333
6933
3179
6683
6908
2797
1202
9379
1332
4445
3218
9225
938
4027
9585
6935
9462
8187
4706
8234
6981
2067
709
6529
1136
7552
4168
632
5380
4141
8234
3227
830
1391
3453
1883
7622
9138
4999
3938
7467
6693
3216
4899
5473
8384
6730
8114
6688
7661
3426
9489
3293
2512
7476
9021
203
188
5008
5696
6213
9945
8691
8004
970
1679
5480
5183
7687
1095
986
3792
3416
5649
4302
1355
2592
7212
8052
2395
2044
2837
9358
8010
4807
2071
5369
2600
317
4759
5639
1455
1597
9789
6423
9560
1391
4414
2780
3302
3872
7557
8436
9301
2230
9114
1683
4662
9150
7006
5681
9928
3887
4444
1958
999
4777
8811
9006
4130
3023
4473
3959
6263
1606
1294
6905
5907
9070
1384
625
2083
658
8066
8954
227
7516
1409
5023
4954
96
6700
4410
6900
4664
7942
7019
5643
9284
1590
9454
4286
3044
2769
3145
8266
1011
6848
6541
1202
2318
5321
1575
2481
1716
4276
8064
7581
4321
7840
8280
4553
9444
9913
5189
9627
9477
8322
5456
4741
3365
4896
5479
2464
704
3250
4822
7940
9962
130
3537
6056
4139
2385
8404
9778
5330
14
8807
3593
2671
5530
9918
7158
2689
7877
5425
3040
4628
8636
2369
5755
2675
7842
2448
2371
6506
987
7705
2036
6579
352
8681
588
5101
6599
2943
8511
5684
3674
254
7082
9833
8273
3195
3956
2747
8349
7068
5117
6692
8262
6095
1513
1463
3615
1630
2331
6270
1675
3200
5102
8583
4122
2533
9850
5486
733
4098
2957
2789
4463
1365
7332
1027
2634
8967
5548
8093
7917
5723
8125
1999
2486
2705
923
4291
6763
2667
6311
437
1156
6755
1289
5975
2196
9152
2256
7313
3197
8916
3763
4985
9109
1713
9783
1932
6964
9132
2278
720
285
598
4967
8198
991
4999
1036
3248
5926
5696
7857
8270
2316
6834
7675
9131
2605
6095
4602
1110
5187
7420
5692
3555
2117
3625
4678
6907
7281
6428
7640
5404
7172
4189
3824
9342
1998
1884
9767
9288
8192
4592
3358
4774
4490
7226
7437
8021
5189
2074
3722
4096
6637
3086
8487
4174
756
2624
7333
2525
8
3663
1993
7825
8954
1526
1838
3638
2216
3097
6669
960
5508
4621
9525
7824
87
4907
8754
8195
716
729
8144
8700
3683
5499
2842
2573
7394
4937
7947
2677
3331
1948
9096
9845
1775
3946
1621
9747
7117
3593
3826
5670
224
3993
7551
5838
8441
4661
2959
5218
3023
1450
8726
5628
1780
5577
620
2858
9814
3498
5368
4465
535
8110
3769
2058
1668
620
1379
3568
3818
8419
8629
9013
9771
5547
2142
6538
3563
1277
2060
9550
6216
5735
7653
4900
3019
2897
1018
5005
1096
8326
1028
6125
6233
7191
5291
1453
1974
6358
1353
2641
6555
2092
3982
4802
1545
5185
2661
9657
5082
1321
8877
9541
3470
6095
4225
5619
9449
4995
6747
7739
8980
7151
1678
5744
5744
7474
8880
1576
6754
8335
1320
3947
8644
2739
756
8358
3164
1196
4655
8719
9219
4149
6591
9741
9454
2890
3515
6698
5177
8
7472
6261
2085
3989
1588
8770
2682
3427
9855
1106
9629
9564
4322
7797
7983
5692
9520
1169
4169
5956
1413
1795
1749
1287
1082
501
4298
5839
4225
5980
513
9442
6482
8947
4040
101
7487
7513
2838
3217
9083
6116
4567
8413
6754
5052
4899
5534
2854
7750
9517
2817
1358
2683
2268
2816
5970
4889
6003
7849
2128
9504
1286
2966
3411
2907
9018
8046
9515
3926
7398
8903
9241
5668
7464
2262
1069
9807
9193
986
2620
7834
2429
9746
1216
6429
7270
9585
4007
4284
5672
4432
1961
3988
9481
4482
622
6001
8639
8048
6442
2313
7888
6014
4699
3692
4047
8005
5338
5845
313
2504
1635
8142
3987
1359
4081
9573
642
8779
6709
6452
1946
5525
845
9482
1396
7628
7575
4665
5
8276
1909
7257
6122
7364
9561
6526
3519
547
8932
5685
3519
2305
4923
7745
4684
2342
4883
7758
7455
6860
1961
6660
8532
9828
6737
2550
8509
105
2587
2757
1096
2373
3853
6824
8076
9902
2942
5771
3119
3708
1880
829
3208
5273
6162
2754
5621
5194
5296
9459
8964
5562
4448
159
1871
9797
7751
9095
9842
1016
3453
2462
2002
4986
2545
4856
4066
802
4409
1275
1936
2265
3063
9207
8700
3888
8049
7002
296
7966
5861
2489
9792
3294
9638
5205
9027
4641
2673
6965
8478
2214
9318
1434
7153
9377
8509
8707
6324
5575
9575
565
9134
9165
1191
1912
2682
7243
6381
139
5540
3639
2977
4735
8543
8237
2057
3958
850
5351
8253
1759
6596
1460
7885
4003
2917
1228
1020
1099
7610
1619
3455
2766
1843
4817
2081
6096
7716
6152
330
3117
910
829
9854
5845
5988
961
6255
2642
1038
7284
1168
1137
4351
3259
3290
7496
2059
2823
9365
9827
3089
299
2790
9162
4014
4710
2991
5284
7227
927
2384
4855
6356
6928
4226
2563
9949
1047
8993
1381
6961
5285
6376
9424
1284
6719
7351
5530
5103
4191
966
7202
130
9167
1418
1682
2704
9625
229
2074
30
1015
4676
7419
7905
3234
4388
6185
9900
3546
7897
4736
2287
7960
7061
9402
9653
212
904
7063
943
9903
2581
3405
2996
5470
8619
6648
6690
7250
133
345
7116
4621
9982
5250
1649
7754
3734
8373
4877
3920
6708
5374
8201
735
1774
2014
418
5744
5430
8384
2443
6095
2890
6580
5041
7001
3774
1950
38
290
4456
5231
1306
6336
9040
5939
1752
7637
8315
8750
2594
4047
7402
6298
6459
917
827
1194
9399
5491
9212
8525
5947
814
4519
1029
4860
9995
9963
6322
5742
8416
3058
6004
2297
2077
9555
3621
5947
8599
2343
3580
401
1508
2290
2778
964
8087
1672
5580
8265
328
5479
2288
9208
5611
9611
698
8746
4026
9992
6233
5660
858
6762
4156
5750
8541
2561
1755
9487
8751
8989
6934
769
4288
6908
1343
7363
5974
2573
7234
5507
572
5671
196
7347
2710
6353
5837
5555
5844
3227
2662
9251
8143
428
8521
1101
1457
8500
5844
2893
556
7093
7425
3904
7468
8198
5897
5627
717
1842
7189
8428
8793
9010
1760
4504
8631
3687
8636
8956
644
2900
8233
9463
8855
1775
4442
3916
6877
5362
2227
8315
4013
9434
7180
4481
6243
6225
4215
4904
6640
2612
8594
5279
9083
7025
2614
699
7287
7725
1266
8580
1275
3702
1337
523
1004
9504
1650
670
6614
7539
3092
7661
966
8091
841
2611
8822
2502
820
1099
7847
8324
4651
5011
3284
2958
3608
7743
7063
607
7656
5831
3206
5507
7223
3340
8975
5252
2472
9059
5003
3194
5957
2309
3391
5339
3747
5223
1797
6493
2133
9177
9964
380
6618
1277
6114
9729
7204
3269
273
1126
8539
205
5051
7235
7335
6901
6419
1346
9395
6553
4114
9128
5945
6604
4676
3899
9752
4289
6359
2460
2253
183
5566
8068
1287
7485
7125
2924
7287
4606
5223
1800
8980
5080
3588
9028
9784
2575
7269
2012
9503
8639
4382
194
2807
1943
6709
1449
4191
2378
7406
9142
5390
7873
4151
2543
5781
9643
776
8237
6153
9458
8179
3840
1736
8500
3512
3023
1871
1045
8472
2710
7333
3720
2564
7134
1787
4311
2153
6563
5209
7921
6351
896
1278
9373
4403
712
8166
5777
3563
9929
6684
580
3957
9068
2688
8184
5761
4384
703
109
4382
3652
959
4283
6847
3525
7499
4244
8391
4660
7513
1768
6719
6374
801
838
5273
4888
6181
9531
3874
6367
1742
7509
2784
3056
4353
6360
9555
5451
6112
334
9286
4280
1989
2770
6300
2407
2590
7256
5651
9307
9602
4932
4725
6399
2677
9921
585
8369
7676
1694
3299
833
3664
4916
9262
330
9624
799
5831
9081
6745
6013
7002
1069
6902
401
4236
3970
153
6701
2664
6357
7306
1712
6237
1009
9558
9183
6451
4750
9545
4571
3055
2181
9697
4055
2987
4011
7131
7232
1382
567
6341
6468
9115
4695
4166
6248
5922
5696
4070
7352
8595
8201
6654
2490
6363
8227
9656
3510
8611
8726
1229
7551
6752
921
692
6653
5748
3459
804
9407
496
4531
6111
5403
7851
2182
1027
7935
8676
2091
4194
5808
1976
2158
1259
1368
6272
9282
5051
8938
2171
7627
814
5906
5123
3315
2552
7125
4976
8152
1226
8419
4639
4051
3600
4370
9904
2172
7889
8587
325
5622
3159
1602
2817
8793
7141
2790
7689
6584
1601
3568
5636
4004
9980
6148
5864
6516
4
2005
3373
1301
2514
1444
8049
6107
7088
3784
5073
2090
817
9051
8253
2576
700
3053
9590
2952
5890
887
4181
6702
2485
2992
8985
2483
9621
9943
863
1929
791
8075
7133
5791
11
2598
1834
9160
5943
7656
7382
9197
9971
5495
9622
115
109
7026
6692
8724
6662
1150
4019
7911
4414
8803
9208
3890
5879
5818
3141
1311
7847
5009
6227
6513
6508
4587
4180
4718
9818
4386
679
3363
4073
9684
4115
4652
6104
5621
3516
3642
5135
3001
5640
3878
9705
2939
4517
6408
7551
476
1293
1429
9328
9
972
6452
3650
7309
4710
5305
8937
834
8350
9944
2406
7986
876
4690
2560
8801
3426
3220
6551
9436
2226
8158
6900
2781
4120
6924
4597
96
5419
2126
3661
8722
6828
9216
9727
733
1154
5739
3146
4549
4148
2654
3369
2425
8272
1730
5135
7858
7429
9738
685
6742
8491
1530
1869
3066
4180
4867
716
4509
9568
8252
1884
5615
4300
7130
1664
5239
4214
3276
2003
2811
1948
662
5525
4013
5285
4075
4904
1896
1457
4101
5487
8094
3523
6368
803
4314
9058
7489
1140
2339
6957
7348
5770
9530
3704
5041
8572
3950
5109
6589
6051
8123
7037
8560
7311
5888
9038
7932
1333
6728
4725
3403
4608
194
497
5215
8986
5869
7408
1446
4938
8649
2850
9274
516
1234
6577
1419
1621
1973
1391
3710
5573
9315
2756
7567
3135
2194
7835
504
377
9486
2895
1861
5951
3633
687
1795
1475
2854
8855
4759
7925
387
2819
1969
4099
1506
2019
990
8284
9785
3189
2765
7241
6220
2983
1384
7604
2377
9864
7495
3658
188
5755
7317
3305
5930
5647
8213
6619
523
3116
8341
4438
8957
9537
9829
464
3218
9163
3455
4596
1552
2050
10000
1768
1560
1902
8547
3430
7739
6177
4785
2502
8191
4106
2771
7382
1156
2795
3826
738
7117
4652
1355
2610
7297
5348
6193
3459
869
4691
7869
7472
7730
5596
4109
6964
7939
1271
5594
8885
4292
2352
5821
375
4817
582
7258
2396
8449
2059
7459
9787
6493
7480
5780
9531
2729
5106
8305
8874
2230
7770
9104
1970
6926
7413
152
6631
9603
1962
3177
1464
7725
3016
2697
4681
4933
9346
1910
1442
9474
8600
9117
2070
2008
9022
4714
2547
8298
5964
5610
6004
2819
4379
8214
6780
3549
4369
2940
932
4850
7979
51
2832
5720
4765
7130
6398
8566
9459
7622
4447
5755
7302
4674
7924
9812
5395
320
2994
1487
2973
2522
2478
5905
103
2488
3301
7919
8467
8281
3590
5494
125
4994
112
6323
7073
6660
5176
8461
5869
7805
7436
8328
4971
7343
127
1679
1992
8549
103
7085
1650
9047
1487
9783
3952
2157
1306
1473
4762
4429
4403
4788
9421
8397
1837
6721
9831
9450
9635
8130
503
670
6211
2365
4749
1259
6159
3276
2711
5555
6923
6340
5418
628
4250
894
2621
9334
4645
9633
6767
2843
5468
9797
6936
9524
1981
5317
7513
8793
4288
6461
7452
6971
2447
7331
1857
6666
1693
7833
9661
5310
2426
85
5124
881
574
6041
7943
5673
7476
594
4794
3060
4453
234
6437
2326
3463
4625
8276
434
3870
3325
604
6843
3382
1271
7260
5593
8475
8043
6190
3782
235
6464
1826
3173
6843
4131
4260
1667
6498
3151
4318
7940
4012
4481
966
8400
9893
6310
5644
6882
9428
6895
9952
6849
6183
8151
734
1291
4208
4703
229
7376
9269
5799
4013
2103
4058
1025
6036
3445
3021
4583
8365
1210
6310
3074
8205
8251
2059
4189
9711
8219
1773
1340
860
1123
8503
5271
1166
5280
5258
6970
2389
6427
6217
9168
3283
9389
1
4748
7837
9987
2160
5333
1682
7223
9609
3836
8341
1981
9826
9018
7514
2574
3994
1415
4884
8686
162
1876
1407
3989
9978
3726
5226
1144
8532
3785
3784
6125
8647
4184
2642
9369
7548
7111
669
6881
8417
3172
6196
4162
2716
905
3241
8917
5777
2642
6040
4363
6081
9476
532
5473
150
3138
5548
2642
6256
4383
3224
7878
6267
2530
443
7810
2963
5539
6915
9204
8327
2300
1112
6264
383
7178
695
4335
2980
7695
3344
3749
5
2805
5851
1780
2180
3757
495
802
9377
1688
6926
4599
8796
8761
3730
7564
5292
8293
7241
4462
6065
7146
2173
3581
4304
4638
6041
2550
5413
4693
1492
2000
5809
5714
4366
5905
4786
9351
5146
1837
7884
5035
336
1903
6686
9022
1224
4791
6590
1726
423
5806
3156
7888
647
3111
7193
6542
197
5657
2681
6447
9450
44
7840
5324
4725
6650
2426
5699
8345
7591
1306
4687
8299
5529
4435
825
2412
8902
2183
7317
2214
4898
7959
4655
8880
3883
5157
7669
3550
4828
3981
6749
5905
6174
927
648
1298
9273
45
4151
7266
2187
4551
1465
4440
9547
1900
4881
290
754
3567
6759
9581
9622
3397
9812
4642
4339
2305
5233
3938
2804
3116
8845
8308
753
5163
9599
439
512
4569
9046
2498
4423
9931
2475
4568
1088
5813
7489
7087
7987
8587
4015
4725
7442
4869
4410
3430
1364
2769
8088
6503
3887
8491
9913
6432
1723
3111
4936
4123
7074
6111
8197
9954
3345
462
2228
8068
9204
2000
6145
670
3206
5170
5991
1214
6111
2135
7616
7698
2007
6889
3391
2337
6014
9609
8026
7621
406
7916
9935
1498
714
6279
100
5652
3720
5202
9126
7364
806
5642
2735
6791
4034
1468
5958
6873
5650
7756
6997
1858
8165
8452
2618
3435
5118
7970
7592
2535
4960
203
7102
643
8543
8755
2467
33
5053
8544
1284
7089
6797
488
3257
5346
2421
4820
7362
5537
9930
1502
2015
2727
7496
1840
8736
5442
3277
5892
5042
1871
8168
57
848
2663
9713
8141
692
5972
7564
5244
8084
4391
3866
9153
5328
84
2749
6405
7713
3029
4297
7632
3088
3320
2352
9119
7692
2558
7981
3933
3627
9446
2975
9291
4630
8404
393
2059
7868
9799
7556
8433
3013
6466
7012
5612
9760
3393
4306
7641
9255
2821
9339
9797
405
7093
9630
9569
4701
7220
6810
3435
7029
7508
8129
1428
614
3139
7134
7664
5062
6089
1291
9563
542
2217
1894
6521
8370
7614
3275
1221
10000
7940
9281
5904
2037
4443
2598
868
3957
9103
7246
9073
6639
3106
987
2510
2873
6593
3953
8155
7046
8662
9918
6690
1493
5201
8551
5146
7164
1487
3498
3687
1017
8234
4479
4497
5711
9120
3087
750
9525
1387
6266
9261
1332
1508
555
8820
934
6832
3037
328
1825
8310
3397
575
7982
5196
7544
6312
3028
2685
277
2547
2236
8264
84
5493
5512
9628
3243
6290
5026
6589
6345
2461
6936
8469
8211
7652
6507
557
9586
8789
5929
8555
1416
5312
8642
8391
7387
1210
3825
6958
1598
5576
8998
3644
5310
4250
2008
558
813
2603
5987
301
5751
6278
7383
8175
7510
8913
8361
718
6579
5221
4774
6607
5783
9685
4432
6459
9741
575
5994
4429
9250
4631
9215
8235
2658
9141
188
2584
3277
8618
4475
1404
968
8347
6169
9490
1599
7655
5685
2757
3950
4547
7433
7893
1877
4873
8901
5552
2515
8055
23
9810
3127
1438
5284
2072
3811
7213
7423
3780
7933
905
8003
8738
5207
257
9637
666
7632
4383
3627
1349
6647
9191
6114
5443
7117
4925
2102
2605
3224
8895
7268
69
7873
5901
4944
1650
9060
2768
916
9182
9818
9747
7112
8478
1930
6613
1449
5574
8353
3336
5388
1639
3744
7733
8193
2997
9252
3843
7694
1488
5861
6534
8041
6779
159
8655
7516
4888
2942
88
7629
2723
5053
3178
3215
9454
4686
3244
2128
1532
3572
3376
6133
7522
612
5383
7345
4705
9957
5927
2501
7958
137
2298
9360
5460
2417
2310
2019
710
1986
8344
4713
5873
419
4360
8602
3031
3167
5320
5265
3105
6264
5767
773
2246
3144
8056
8753
2278
7675
8896
8275
4375
295
601
8862
9912
2693
2041
2693
9970
1651
9905
4753
3361
7384
381
7380
2384
3574
6629
7998
6974
2293
7075
364
9134
5922
5013
2944
4598
6807
8241
6832
4803
8864
4034
7478
4780
9425
6499
8580
1725
1332
8590
4550
3739
7993
1445
6582
5461
1536
2589
7394
4929
5055
6789
878
1938
8093
6371
5494
932
7937
4147
4983
4358
4294
3233
2568
6638
1974
7409
1431
370
9200
9654
5786
780
6696
717
2167
23
739
5779
5951
8045
1557
9442
2752
2921
6440
9691
3675
603
7777
423
2487
3444
2342
1053
2073
7256
9012
1354
8378
9664
5641
3283
5800
44
7906
1713
3521
8493
6563
653
2706
6569
5908
974
1932
3366
3582
4204
5270
2478
6530
8919
9719
3336
9799
7892
1556
7750
403
9631
8751
5139
4022
6514
1572
7459
3964
4748
9421
4590
6094
9057
305
9074
3590
7236
9819
3986
1797
4465
2601
1019
8681
8347
7442
3369
7888
9669
5559
4506
3769
5611
2910
7505
1993
4045
9189
7015
3764
5541
6597
3880
6487
5794
9781
8882
2461
3697
3658
6567
7702
7135
3129
6984
4085
5770
915
2435
4729
1765
7004
9722
4971
7781
203
3733
2325
9377
5589
550
8236
6755
8570
8327
4722
6313
8153
4307
3240
5896
777
8905
7243
4711
766
7383
9481
9547
7476
4143
6482
2465
5804
1058
2215
372
5045
7516
7475
1112
1938
189
5420
8961
5231
1208
7524
6106
8069
94
7194
9403
5635
5809
7091
7345
8358
7224
1372
509
1895
6089
7552
5277
5555
2081
1442
4323
5575
3336
7896
9962
4373
6613
80
2658
8810
5319
2390
516
4358
7554
2181
1957
5368
663
6806
4209
5439
7389
2035
7868
9423
975
7463
2861
7563
5247
9718
152
3917
6043
6007
5088
6334
1344
5044
3977
2844
9360
8123
7105
7533
1837
3074
7653
1706
8766
1910
8035
148
580
8227
5904
7807
1750
2878
3660
2151
6043
8366
541
5070
789
9291
8511
390
9292
5350
1735
6322
8335
3302
7484
2052
8517
8992
2517
1276
6768
8504
8281
1179
1663
6528
7417
5829
5070
3267
4088
8313
687
1690
1149
5143
3472
2188
4576
4870
1275
2502
3632
6664
1065
6717
2535
1599
1586
3669
7136
4268
7566
5270
3480
7073
4045
242
7044
1678
5509
3629
3083
4576
7113
9303
2440
336
510
8256
8233
3580
6135
9070
8975
3641
1790
5704
8609
2147
2911
3680
5203
2956
1552
6677
4623
9003
516
522
3998
2296
6160
4084
7400
9482
1151
8648
4256
3765
6583
1267
821
3330
1661
8686
5152
4993
4504
6628
6898
6221
3669
9797
8001
703
8097
335
9185
5555
6263
4535
4587
7187
6404
7561
4540
6548
8922
125
856
