3931
7448
5114
6413
4897
9254
6220
2365
2695
4166
6266
4502
617
5222
7404
7398
899
8443
1723
6334
5331
8486
8319
6034
9015
7627
7144
6644
1008
1695
2515
3363
3086
1265
4805
7166
1331
1857
7457
3439
8550
5438
2793
3204
3923
876
8428
3917
4137
9631
8370
8561
734
683
4889
5453
2716
5637
6440
523
5139
1349
3516
7825
116
7222
8630
3419
8132
3374
6896
5317
4744
3136
5051
6690
4590
9694
6289
5590
1354
786
7596
1813
3643
2877
1301
1634
1452
2663
3584
3790
6021
6597
3265
4420
8908
1732
3122
5779
301
6235
9540
9952
9910
6964
9251
5702
5884
418
2132
1032
9516
6219
2752
7995
4364
8954
1155
301
7140
8315
5589
975
3817
8212
2817
1378
9178
6866
1938
2691
8156
4296
3258
6088
1283
7417
7651
263
2111
1342
8840
9220
1254
9492
6139
7401
1163
1920
2176
4422
7380
6801
2974
7318
2266
1579
3721
5374
2029
8763
4488
4042
4874
7685
9413
7135
6486
1074
287
8564
5410
295
8579
9060
6496
5696
3384
8196
9034
9458
906
6405
1462
2536
3892
6894
4671
7878
6272
7395
1189
5800
7134
1782
1153
9638
3137
162
1349
5328
5360
8510
5970
5192
5003
1385
3488
5047
4235
2107
397
3633
5120
4798
9908
1328
434
2482
9243
8563
3583
2761
7095
9786
9453
6791
6852
5581
5576
8780
1256
9670
6272
8874
2761
5564
5069
797
4705
7015
7333
8135
4804
6849
3540
5558
1928
3473
5269
7004
4064
5125
9134
59
3714
7319
5045
822
9465
8936
4756
9148
2352
6810
750
6061
5058
8225
9817
9003
5029
232
5589
3018
8265
9087
8576
3675
2208
5098
9439
5479
3041
6683
5596
6041
3038
3348
8156
4825
4305
8876
6976
8338
8095
8157
3046
1507
6541
1620
5122
1306
7069
6540
2294
2776
8281
3954
5444
3414
7928
5803
4006
3220
3424
2640
3546
824
4066
9216
2808
9318
5163
6280
3939
60
8286
6169
6198
1478
1373
6639
8744
9142
9118
213
8411
7533
8888
7193
1352
4317
8504
1823
6597
4946
3779
5868
9615
826
2428
3562
2298
2310
8811
4983
9050
347
2387
1558
1493
3166
3969
1259
8829
4683
3272
5710
4512
587
8670
5024
8205
3508
926
9219
801
7846
8386
9635
7162
7205
1306
7730
6161
217
8240
8815
8462
5436
1973
6693
5898
2862
7533
2602
3597
3490
6522
9368
2280
3488
2123
5207
9047
107
4609
1936
5599
7021
7948
2470
9389
4680
8600
710
9265
5097
6389
5962
3586
7702
7193
4645
7445
3282
279
1683
5850
7653
8940
7908
6538
2890
6876
3052
9156
2053
5334
1175
5078
4928
994
8688
5624
6463
8023
5764
6856
8308
3277
1011
8482
1221
4845
6784
5753
2583
4756
6672
5526
2177
2716
9313
6374
497
4695
8526
4690
4195
2287
6922
4133
4204
8227
8865
5316
9079
5653
4432
6610
4275
9842
1704
6045
4025
127
4298
1827
1518
857
9974
9432
3235
1150
1786
2401
1269
8457
7335
6133
7570
3336
7399
2497
639
7302
6907
7964
7069
2442
478
2043
5910
8869
6922
1817
6666
6712
6314
9950
1438
7124
4817
7315
6179
2194
3068
5690
4970
6004
7549
282
9251
9977
489
6451
1176
9846
6087
3664
2172
4969
2409
6800
6182
8056
7228
1600
4021
8513
2311
7996
6784
7481
4916
1530
7510
1533
8428
840
9967
1858
3539
7746
5437
3316
5913
2026
3684
8265
8913
3352
1534
8988
2655
8157
2565
866
8526
6907
7337
6470
4850
8970
6185
5335
6827
7747
5435
9361
8059
1113
4153
8925
9075
8838
3901
9824
278
9467
4653
4327
4328
8922
705
7500
1486
5880
4410
7200
8631
1142
4704
4188
5502
1135
4782
576
3031
7766
1972
6459
1682
9768
9530
2898
1847
5409
3295
5203
4517
99
6826
749
6916
4572
1566
8127
3038
4483
1538
7123
537
6832
6066
379
8098
1825
651
7526
1625
8751
5126
2570
9269
3470
668
6235
2285
361
6007
3493
1969
7999
9025
642
2115
7066
1840
5746
282
7586
5795
2806
3678
1651
9412
4572
8626
6867
5367
7986
4382
5721
6650
7388
7040
8083
5304
8391
2268
7265
2504
3197
9660
2096
437
4281
5173
3785
6178
4274
6746
5818
1201
442
8861
1456
1880
6286
1543
908
3025
6363
7031
5093
369
4505
7314
7488
7311
8757
9079
643
9437
8184
996
2388
6427
2614
9430
2948
7704
233
352
6145
2446
2424
7154
1416
9141
711
7665
6434
7734
2428
8314
2854
6680
9023
7362
2575
1671
4746
5192
2264
7307
1124
5814
3253
5746
5367
8257
7098
3424
2720
1023
124
2331
9079
8726
6196
6505
9692
1613
8371
9697
6581
3738
4028
171
2388
3724
277
827
8394
780
5730
1696
7919
254
8419
3751
1427
2817
5213
7108
1952
9857
3856
3692
263
4043
1051
7201
3811
4752
5202
3548
4378
4864
5118
5436
4765
7060
7423
4318
924
6306
1905
880
4130
2663
6763
8553
5476
1346
8286
13
9085
8913
6943
946
6313
2158
7305
7732
5723
9007
3334
8854
4882
9145
4233
4587
384
7210
7753
7758
2998
4105
5371
2045
1227
4615
8497
6973
7253
5840
988
1364
7232
5255
6184
5802
5168
8568
9540
2896
6971
4637
1222
641
5299
3673
7290
5832
531
4648
2323
9196
5195
7290
4433
9730
9530
4542
7931
7217
5753
5846
103
977
3841
4036
8151
4441
768
7682
9680
8953
554
7478
695
7248
5567
6727
2616
509
1764
2395
5156
4145
3467
3810
1694
3179
1465
4575
1468
3502
7179
6072
9745
257
3710
3228
7903
9437
6268
996
1601
2557
1296
2399
674
4032
2630
9269
6477
8302
7564
1733
4320
8771
540
9396
6224
9510
6649
9009
9967
2824
7132
2332
9206
7152
3004
5553
8443
534
8996
7254
7017
3495
703
2484
9440
5864
8760
6975
9297
7672
2593
3313
607
3807
3689
5456
9741
4576
2586
9429
6682
4929
1712
2643
9281
7396
2743
9225
3752
3939
9951
1188
444
352
4037
3507
8069
2440
7008
168
4667
716
6037
4685
1570
8740
6886
3771
5427
2469
6593
8892
1141
287
76
4154
5350
2856
6662
9581
3515
1405
3516
7030
482
8635
4268
4150
1239
7566
2197
8494
7956
7039
6501
5482
6760
9312
4872
967
121
590
8727
6444
4376
4296
3174
6344
8626
6423
1051
6464
5119
7049
9558
5382
4782
5949
9618
9706
2437
5955
7558
4113
7467
2088
3088
6408
2885
7982
8501
1698
9969
1914
4340
3160
8633
1050
1386
347
5512
5843
4857
1176
6628
642
1752
1021
9425
6881
9433
3748
4686
474
357
4421
2973
8024
8659
2785
1304
8105
7461
9951
8993
1744
2690
8631
6126
9821
2438
9995
9067
698
8257
3941
9955
1265
1832
4930
8420
6728
1643
7065
3594
3710
4660
8203
4245
2290
3066
662
7638
2846
6389
3962
3996
8950
785
5075
8333
7802
3284
7288
5343
2197
5632
2416
3436
2350
3846
3460
548
4680
8410
9339
2345
9933
6568
8637
5255
1084
6292
1316
8484
1742
9466
3640
9760
9321
5157
5648
5517
3566
6487
6584
1944
3061
3848
6777
9884
8947
1741
5585
8885
3707
8918
297
4045
2948
458
2913
2964
2598
1054
5315
3822
421
5508
2705
9735
33
1255
4598
4408
9211
8526
9228
9056
8186
7862
5094
7210
5963
3064
5553
7565
4887
5150
7091
9082
261
7464
953
6002
1535
6232
9382
8511
5320
9247
1766
9851
1694
5684
5118
1498
4693
3221
8079
5806
1014
7735
6734
6838
1580
8915
8852
3527
1133
7430
8871
1227
9269
3518
7785
6365
2133
1466
7098
8042
2790
7665
4692
3506
8778
513
243
5512
4244
1827
7931
5784
8351
6052
2799
4637
4844
5159
6523
2391
2348
3487
9853
2111
9677
2727
8624
4878
2335
1443
7677
2467
4567
9004
1620
4181
5626
2883
7726
8138
7449
6324
1649
6253
8969
6264
4741
3726
9951
133
5337
2968
7777
9684
4317
5532
6951
9203
5565
9629
6224
9756
1997
1052
9179
5
5029
910
3115
123
7591
5805
2039
7477
1944
8871
8597
9328
9480
3460
8775
5382
9877
7875
9898
9622
3936
8051
2205
1344
9531
3671
7342
1925
7250
561
6340
1609
7221
7341
9563
3222
6718
9794
3549
2395
2114
5481
7439
1528
5526
4088
7028
7964
3426
9007
3151
3177
2246
5246
92
710
2472
9588
1476
3894
2359
7728
8187
7450
6632
4189
394
3047
6020
6051
8481
1393
8522
1683
1349
6571
1245
9157
7516
9762
4138
1259
1842
2502
6287
7778
9136
291
3598
7183
596
582
8999
6292
163
6673
4164
6013
5857
7912
1477
9643
4594
6802
3587
9701
9011
7530
454
7735
4603
638
2711
9245
8958
7880
7183
4446
9649
5586
2215
6814
5294
4671
9508
5671
8990
7014
9854
5283
1032
1739
8569
152
5315
6773
7829
2769
4838
9217
3871
4939
8036
214
3426
3419
5530
6327
8539
7837
9053
773
1040
9340
4952
6834
9486
6669
4980
9415
7084
5907
8446
7429
6828
2993
7926
356
669
734
8182
2051
9188
1405
3098
7911
8741
3725
1034
6368
5471
9588
5890
5594
3341
3233
5694
4901
3721
2929
7369
9820
984
997
3767
8653
7021
1175
2185
4762
1011
2977
4881
4030
7457
5646
6196
696
9659
6462
9558
8901
2578
972
5131
3276
4331
4819
6204
1467
2318
5595
1197
6695
937
8500
5656
6781
4763
9414
8587
1053
885
123
639
8441
6472
8051
7412
6564
1448
6543
9339
4793
2602
6248
4206
2325
1349
2458
3663
6861
4586
4606
4155
9723
3626
3073
9425
2500
8326
1668
3661
9509
6039
943
4825
779
3752
2859
4354
5104
7397
809
3668
2418
1771
1616
6292
4231
9439
2541
6929
9498
5375
6448
1287
946
3541
5098
2073
6484
8848
7265
821
2104
8501
9118
2114
3660
7805
6344
2106
7212
4347
7035
7061
8149
5137
8413
6487
1002
9003
7877
1268
4405
7787
3041
8402
3978
2927
9181
6515
3262
5574
3520
7242
1546
4427
2437
6548
7272
624
8368
655
4815
7182
1542
6230
3163
6123
2943
5800
2550
5499
7229
6537
8595
5038
6983
9586
4318
4288
6171
4416
9535
5737
2513
1616
2332
5780
3929
6866
4044
9874
1978
9823
1451
751
7636
6055
3824
171
5404
8857
7491
5861
6345
3755
6620
2607
5292
5955
6134
621
9549
9501
315
1382
2668
9722
2176
5013
8360
4443
1334
3319
5758
9403
4269
7460
4034
2126
1669
9904
5560
5023
8719
8197
2692
3671
2267
6025
4773
4468
9483
5725
9005
2356
2680
4185
570
760
6634
6639
4814
9
7880
1429
9113
6741
1357
8016
796
715
1495
3727
7773
200
7055
3369
7383
8405
9766
5947
4222
2731
7582
4031
8034
7899
5124
5734
7614
3482
5968
676
2552
7417
975
5485
4816
6699
7820
2018
6300
1184
1684
8739
4830
6397
3974
4638
7141
2996
8159
6353
7608
889
8956
8407
6661
6554
8222
4294
5381
9375
2350
410
241
8817
4760
4916
1417
8716
3906
3339
278
8731
9698
3847
5396
9136
7876
1751
7469
8034
5930
9663
8351
8620
4843
3358
6733
4683
7522
3335
77
170
4381
559
2728
2775
7989
3246
988
8552
3072
2295
9506
7894
2536
9083
9710
5765
8147
7511
6934
8384
661
7498
9279
9330
3676
2682
1572
8926
8183
4217
369
6284
9244
7602
578
3309
1850
5041
8497
2487
6260
7509
7976
2441
5844
1742
7302
2936
2401
2323
6562
5202
7428
6329
6204
4297
4736
420
8544
3119
8300
4608
2369
2170
305
3359
7082
1222
9883
8824
7287
6222
9389
7064
5704
6911
9302
4094
3464
1212
6368
2022
4214
3038
5063
8673
9135
1271
9506
8413
5005
3021
3836
9434
1986
180
7523
207
8365
633
6605
2776
2505
8233
8789
8028
919
9325
7549
3795
3941
6286
2994
3226
6493
8773
6678
9196
943
4900
4669
2417
3464
6369
7307
1686
2343
6745
3162
3745
9632
9514
2874
1394
9685
7193
6314
1701
1769
652
7733
2217
7212
1441
2653
6021
4634
4169
1478
946
5829
3265
9197
1648
2223
579
5629
4482
9388
8533
9355
3390
7413
841
7228
9246
3250
5126
4235
2879
9779
926
6379
2109
5459
587
5557
8018
205
2580
2292
8316
8454
1431
6771
861
7544
2560
129
8004
7130
4044
3442
4337
8763
4196
5883
8100
739
894
928
7655
3366
2882
642
7824
4908
1637
7540
5749
114
890
5310
6349
1309
715
9451
9846
6523
7432
1347
5540
9746
4217
6393
5016
817
2311
6280
717
8816
1193
3725
7116
943
5492
527
2870
4971
5384
4166
3407
4416
4524
119
5655
6283
2827
813
7839
3246
1421
6841
2476
6585
4782
3471
3299
8334
5539
7005
4014
5982
2067
7088
1541
8227
1899
9459
1620
5059
4397
7146
9986
7512
3928
6355
2341
7220
2228
2391
606
1085
648
5390
1411
9924
3860
2924
6545
1169
6740
1752
3252
6324
3076
6993
6599
2425
7319
9731
8024
6672
3550
445
3550
9704
6563
4721
3268
7180
3140
994
1621
438
1684
9125
4694
9529
41
8122
9072
2353
5942
5924
7469
2628
1596
6845
4751
9764
9842
3319
7752
8045
3201
4025
1406
1589
5302
3417
5983
2573
543
8745
8095
6771
7485
7940
8832
8588
9461
7515
7692
6629
4094
5531
8343
5448
2179
2214
3273
6335
4788
9591
8155
9384
6104
3954
5833
9970
5368
6537
2064
9326
779
2665
8138
9338
33
8434
5775
6373
9597
395
5148
2473
8085
5971
418
1567
2243
1200
4887
3900
9940
4440
5406
379
2678
6322
7461
6584
638
2123
9318
2694
8485
3285
4946
4547
4874
9916
5261
8891
7542
8563
5427
2774
8205
5847
8929
6269
1050
6627
8633
7158
74
4817
7607
1622
7390
9113
8309
1125
6594
2598
2494
8880
6064
6140
8339
8144
8844
6153
8624
2816
3858
3764
1967
1522
6788
5610
6007
928
5502
8332
3303
8878
2068
7275
7848
904
7395
96
6561
6088
1507
8206
5974
5086
507
7768
1300
4110
2894
8568
7101
2787
7909
736
9570
6107
9808
6640
4331
7917
1334
588
6174
2017
7342
7164
6022
6828
8901
9207
7971
5438
9338
8121
4296
5368
637
1900
1760
5646
9722
5532
713
562
6350
6200
9620
3267
3650
1820
2669
1595
230
5825
6101
6726
2455
8094
5221
2637
8575
4422
858
8933
7329
7953
253
4100
9741
2852
5737
3558
5756
3588
1682
2177
6328
7306
2337
1163
2622
128
5494
7939
5730
5543
4758
2132
4416
9610
3860
4862
447
1672
1601
8135
8975
7967
584
2711
1331
4530
1866
6401
7690
8378
5746
2906
4716
2105
8578
6537
5060
5321
5243
3209
7662
4386
4452
1697
9932
4785
6254
5780
6137
9568
3160
9112
4271
7668
7818
7333
9530
4352
1740
347
869
5475
5974
5744
5918
6566
2016
8265
8080
7663
1259
2658
1441
7056
7018
189
7272
2828
3261
7023
4346
8693
2782
2274
8451
7322
3302
1777
3713
9998
677
3225
7987
7244
8842
568
5
6771
434
4041
6132
1341
8047
2942
8286
9348
2714
4400
7074
7586
1562
5524
7007
1844
6220
551
5235
215
4068
2164
2638
8453
403
3578
2475
8315
7788
6026
7969
8580
216
544
8257
5218
9050
155
8742
4979
1901
361
5737
5014
9504
9392
1612
2414
2233
1455
8516
6032
5664
2601
3185
5532
9658
2240
8519
7174
9667
7479
3430
4736
2527
5998
3131
1374
3156
341
1833
5355
709
7444
6744
4332
4765
2375
6392
801
3058
7893
4008
1818
2103
7047
4417
949
8882
6792
4743
9948
2837
5121
6901
7516
4101
1740
5243
7574
5747
4311
2688
78
7673
4381
9854
788
1512
8556
8209
5381
3638
2703
8426
3635
899
6152
6815
8911
1761
2378
4835
4166
1625
7556
1368
7595
343
7903
6637
5612
2758
9271
6209
5421
366
1331
9381
6007
7660
8863
7739
6356
9656
6233
7318
3498
9321
3639
2066
4975
8052
1186
2301
6721
9529
9583
3006
676
2552
1243
7365
9342
8676
8633
2606
1831
7486
2233
4703
9546
696
4875
508
8625
340
2241
8378
232
1213
6545
756
272
2009
2428
649
8948
8660
5997
2382
6574
8057
3397
477
4297
2711
5024
4798
9179
1231
4454
7707
5069
4265
9441
6112
6647
7606
1341
7611
2926
3459
448
5675
3220
8768
5159
1544
4059
2689
9609
1938
2507
4975
1379
3046
9158
1614
944
166
7803
4022
4916
7243
1453
3066
3832
3135
9187
7716
7590
5673
1190
6447
411
5110
4054
3009
9678
6201
5240
2876
6409
9063
1484
7249
2689
7648
9795
57
8555
7897
4716
9496
7771
4951
811
5886
3196
4314
8166
2407
290
7410
5018
8721
4460
8510
5405
1403
990
9326
363
4885
1900
7540
9309
6785
5433
7650
2303
9981
8298
7032
9338
7352
6633
1126
2232
7011
5646
7440
9875
6036
1097
2559
4881
4585
9649
9611
1968
3970
5178
4975
1833
2087
3116
1075
6203
8715
493
9401
2666
3154
6607
8418
3273
1046
2098
5900
8235
689
1632
2127
64
3483
1542
3354
7225
3723
1077
8810
6166
5421
4653
3789
6492
8007
6209
3535
9625
8610
5058
6779
6942
8189
9133
5627
7540
931
8156
2545
8635
4089
1403
1865
7583
7740
4585
3056
5044
2265
2872
3364
8476
1260
2715
5230
2179
124
2826
2269
9219
9206
6596
2366
5527
182
6339
2724
8085
7472
3414
5696
7358
7423
5514
935
7192
1545
9982
8191
3863
9582
5269
9215
8812
6833
5889
6503
5645
5081
19
7104
3252
6627
1853
2901
8446
1797
4694
1879
2721
9344
5972
4313
6521
827
7588
6452
9275
8675
8986
9522
5369
4342
233
8070
8109
671
8488
5360
3620
3779
660
9124
8045
8626
6436
4790
9065
1491
1264
1178
9866
5046
6199
6493
9137
19
5213
3013
3008
2737
4724
5641
1537
7307
2022
1679
7850
664
8984
2294
2222
456
673
513
2043
585
6674
4191
2722
930
9574
622
6112
2631
6442
8083
5368
4842
8789
1928
8760
6445
4065
9070
8473
6756
7173
7528
5053
8150
2688
1737
5110
7281
5425
1092
3163
6349
5747
4544
2057
9516
2849
3636
7618
4782
9363
2935
7729
2081
6758
8652
2686
1632
2721
3689
4640
7118
9983
2246
582
9011
4423
6890
968
8411
1618
5012
2970
6448
1068
2311
9796
9948
4921
8114
1064
7970
8181
9222
4349
5323
2502
4979
118
6440
354
9565
1224
8685
1787
6468
238
5297
5119
2231
9709
4794
9785
7631
2048
8967
8318
6060
749
5114
8568
1479
9869
5328
5984
746
8366
6002
1903
5155
1426
9640
8154
6591
4964
3076
3806
7036
3655
5479
6463
5416
5841
5514
1677
5638
6725
1956
5007
3301
1094
1969
9892
9036
9308
174
6229
8894
6690
697
6339
8588
8399
6431
5693
5219
3280
8530
639
6889
8578
3952
8926
5171
9525
9329
4422
6746
24
2150
321
5097
1195
4727
520
5679
5544
8662
9865
2236
6370
183
613
459
2903
1981
1451
1457
3240
220
8796
2914
8252
9011
8681
4906
2833
6089
8664
1906
7677
399
4234
5029
2954
1110
2416
3827
3766
799
280
78
906
861
4527
5365
3764
6778
4795
4007
7699
169
694
3244
6349
5872
1004
4836
3556
3081
6300
8456
546
4557
3716
7081
8686
567
3371
7783
6587
282
6740
3141
1813
8472
5986
2601
2644
2381
3333
6622
8141
594
8260
3815
9859
120
5422
6813
4281
6913
238
8368
1981
5010
8327
247
4856
957
2902
4709
6648
3778
4550
9028
8501
5199
4521
5677
3559
6957
175
4066
3498
8594
4626
2746
9490
4123
4588
9620
2759
9530
1456
4911
9466
3466
5275
1877
5781
19
1679
5779
715
9146
1681
7789
1630
7477
5454
2391
7119
3754
674
2652
8934
6143
5212
5143
7464
3483
6893
4261
8888
9967
1105
5776
2899
1074
1030
784
8818
3444
611
3185
7025
1949
6331
3693
7315
5683
3390
5824
4623
218
9770
84
3040
8697
4321
2771
8699
6053
3563
4305
828
5019
4788
1960
7823
3682
3349
7240
6393
5428
9063
2385
9826
3263
783
5148
9525
6263
3879
8189
8124
9945
947
581
233
1297
7464
4246
370
6703
7623
411
4585
1991
708
7287
3368
501
4125
2767
3941
4599
4626
5993
3357
5954
346
5712
6035
1927
5001
4738
2347
518
3577
1875
8487
5809
8831
6836
6370
2234
8231
8717
5495
4992
954
1176
1379
258
3529
301
532
7685
3168
4911
9797
7732
3421
9385
5903
4334
8822
3238
2694
2889
342
491
6901
8887
5522
7688
9534
7387
9856
2967
2068
3231
9821
7899
4959
728
5513
8577
8785
4239
7179
8659
3586
5540
2122
9915
9176
7495
895
1404
3276
5354
9475
6368
6174
3476
1441
5406
9698
3819
6043
3229
208
7946
5223
5635
6006
4451
1106
7085
6303
3391
3206
1652
4251
8353
9304
8084
3096
9774
4794
9822
6887
7787
6948
6594
9866
2495
5540
832
4923
3535
5329
5189
4472
1839
5212
6979
7792
9464
339
5954
5956
5702
8918
3456
1336
4680
3354
1174
2491
9838
4605
6910
4125
8353
34
3685
685
2041
9379
6011
4586
6992
9058
3588
4239
4370
9100
4687
7944
4932
2523
1908
2898
1315
1146
1963
2687
4825
2617
3562
4266
8286
3136
2884
2502
9141
5289
8380
2955
6037
8572
2753
337
5679
6717
2811
7593
141
2620
4892
8950
3064
7520
8626
9892
924
616
2034
3774
7309
3223
2835
6880
9114
8101
4997
454
8417
739
9983
9894
1661
9813
8896
1288
6804
9244
5361
1134
1097
6036
6857
7115
7310
1808
6690
8712
259
7664
819
2380
3155
8412
7727
71
1716
4931
1602
9449
6631
1399
488
5048
2029
5751
6260
9281
511
5198
7485
5017
3230
1695
3066
3603
682
5586
1101
7852
9089
4672
1811
334
4373
1076
932
1652
3692
5479
4438
4277
1860
7050
1727
8232
6011
4998
706
6348
7851
6040
1592
7109
9752
4567
8520
787
9284
6878
5022
3665
4586
2720
6224
3631
7900
6657
4292
1786
2102
907
1065
4742
799
656
7030
3659
836
1685
88
8720
5296
1111
2102
9835
5085
3096
5567
463
4388
6880
7920
6731
6081
8923
9
5095
5371
8308
5478
4558
9309
692
1216
8505
3873
3846
9191
168
2383
872
3416
816
5991
9666
8364
4926
4633
8254
9480
7150
3238
6955
1370
6779
8263
6531
6591
457
9455
9820
4770
5360
4996
5268
583
1686
1536
3588
2719
1248
5123
496
3532
7591
9198
7186
2439
6472
2540
7153
6785
5939
9406
7711
2437
5617
4900
6025
7368
9766
2029
4190
1981
8120
1959
2294
2162
351
2448
2365
9360
8086
105
7184
5073
1574
2041
7961
5792
9838
6065
7907
8882
1657
9733
7766
4869
1957
970
851
4926
5073
803
5227
92
8070
3022
5822
1461
9129
2765
4256
7103
5010
3407
5602
7510
1162
3168
4426
1805
5147
5618
8873
8518
8896
3816
7679
5453
9613
2524
1254
4825
334
281
5795
4766
6015
2543
576
9526
9558
9482
9859
3880
4446
8361
1117
767
1517
3407
7083
5864
6606
3437
5206
6236
9315
5992
2975
2889
8518
9574
3788
4058
8733
8669
5919
9237
2243
4752
4686
8675
6667
3004
4698
4163
7902
8093
6688
9547
6858
4364
7339
7510
1357
9301
648
9779
9156
6610
1575
1659
1369
271
8347
4742
9002
9220
4373
3130
5964
7566
7586
9615
8042
6068
7400
4
1952
7935
248
3748
2969
3103
8501
4587
5639
1363
3236
5551
6000
287
3870
6460
4770
1163
1265
297
7911
7606
4727
8975
9058
3348
481
1769
928
5451
3709
4262
7621
1317
9553
5651
1732
8628
9164
6422
7225
2309
7961
8284
6336
3619
3055
6711
6318
6734
9808
2797
3874
1442
8443
7834
5116
5331
2105
7634
9884
6658
7111
8290
9166
2950
4193
2994
2509
430
6489
34
7996
8320
3302
3681
6167
4031
8114
6208
4946
180
7924
3458
3263
7907
9075
3418
7981
9854
2199
6632
9302
5283
1149
3097
2216
5098
8454
3150
7832
7800
2583
2172
7502
1569
7184
8119
7067
7251
4800
2456
8776
9856
432
1917
6277
5153
7392
1062
918
1635
1113
2151
175
8829
4508
7822
6652
6781
1729
7157
1397
9216
8834
4057
9487
6095
253
4709
4451
3032
5405
8251
9265
926
9625
5935
9058
3343
8099
1743
8784
6229
7592
2492
8297
4435
8552
5671
1537
6203
6166
7108
7848
8768
8874
5414
1331
8788
7729
5998
4647
5327
920
2291
9442
9756
1858
7927
3456
198
3298
2649
8374
6761
2503
4784
4636
5323
6325
4653
6301
2015
7163
749
9812
2151
7319
329
9119
6422
3151
3076
3270
6636
1913
8663
1410
5442
5045
960
8352
9644
2850
5780
8384
9613
3993
517
7178
2330
1995
5099
7023
1754
2626
7866
1012
1600
7228
3059
2519
7782
3299
2612
353
4568
1590
8987
7046
3382
2210
9124
3577
5692
9371
6958
1901
1247
4026
3842
9186
6426
8252
9797
5968
3658
420
356
7650
2466
1576
2406
8274
8968
3061
4871
434
9879
2803
8975
5929
5592
7885
7574
9442
8259
9437
1418
3463
8267
3546
212
6362
4422
6152
2587
9265
829
5324
8905
3089
7003
9282
6136
9190
8176
2252
3254
5766
9348
2404
9252
3782
2959
8591
3620
6576
1680
7360
1094
5685
2164
642
8668
9322
5304
3505
712
1387
3717
3948
275
9122
4606
3739
5021
6875
521
9461
9909
6457
5966
2469
2339
654
1313
4634
8387
1332
9416
5763
9861
3997
8885
9469
3482
8915
4022
8669
1434
5572
9625
4570
7587
5388
1757
9156
2206
4086
1727
4417
1889
4269
4706
6290
1691
4411
6516
6602
4982
8520
1276
8309
9830
1393
3496
6287
1180
6098
6299
7383
2852
8044
2163
9349
7606
8728
6075
7069
6302
9174
385
9798
3894
8523
8083
643
3909
5828
4567
5061
5123
462
9786
5856
5900
623
7044
892
2892
5097
8897
8401
9994
4788
3816
2435
3327
1065
7442
2793
8560
7243
1613
1635
3384
7389
3689
5401
2627
8206
7380
4053
888
4614
6148
1198
5304
3774
2446
9110
8646
923
4693
9605
3762
8826
8706
213
6624
8076
374
7057
2959
473
3080
3649
7227
5977
370
8566
618
4300
4372
6583
3488
9243
1546
5179
9652
8350
3445
8912
2651
87
8680
6991
5147
3277
3257
1708
4204
5727
4547
9891
8530
2638
2351
3817
4082
397
4625
3901
6775
6783
9933
5291
7147
9675
4255
6360
9229
2284
5752
7649
9331
4984
9597
4414
9066
8368
458
7789
5296
1728
1143
2235
934
6890
6782
1987
5522
4056
8565
742
8132
4865
3200
1531
5357
8091
9381
3178
4131
9322
5017
6374
7335
4067
7843
5234
4370
996
5262
3478
993
2023
1866
1506
6019
3810
3438
3354
1022
9304
7276
3924
9339
6081
3234
9292
5860
6948
6433
2115
2389
6619
6166
7087
6148
9658
6381
1922
4763
9893
5879
3173
9589
1590
8538
566
1478
3368
6482
756
8582
3942
7884
8853
4161
7276
4614
8560
3706
2671
2619
2088
6511
6765
6872
3936
9795
8196
6834
9172
3972
232
8460
6195
7222
5346
7831
945
9497
5804
5182
6942
3869
8428
7015
3929
6156
6298
5725
4093
2662
9590
2174
9902
4894
2575
1982
2505
1857
2750
831
7774
4289
1797
3014
2975
3546
2641
7608
7673
8721
4906
2670
6613
5069
399
6974
5851
1370
1931
7445
4255
2826
6219
2802
1926
1430
369
4200
5318
5705
4470
7551
6526
3941
4889
2655
8095
2935
1734
9392
5073
1968
7673
9197
5702
3389
9208
4622
4774
32
1780
379
907
2467
4988
7919
3469
2200
4132
503
5813
76
2246
9030
5167
7641
5540
2726
1589
702
2299
6293
3015
2336
1137
8959
2910
3088
8023
9621
7391
5774
5923
4059
7109
2369
1143
3373
2072
312
8073
5521
6748
8706
4059
470
1516
8248
3629
950
967
1528
4550
100
6614
4305
35
9080
6317
5800
5380
4667
6654
8290
8242
8914
473
7305
1671
7316
1901
9315
6440
1729
9533
5943
6889
5109
6490
4245
9465
2491
5930
7027
3890
5300
3380
4165
7808
5135
6325
8118
8807
405
2856
5323
4282
7232
8982
3211
8109
4607
8963
4574
4652
9046
7085
9466
5385
8537
3203
4389
3273
8032
8150
6062
8785
1592
3548
9124
9951
4168
592
2264
4439
6614
2817
2901
2658
4143
9895
1798
2475
8783
9837
1906
1196
782
4182
7592
773
9126
5305
1654
8972
4060
8497
8104
6534
1362
1898
7884
2072
7335
3015
933
3908
8443
4503
19
8055
6162
5356
1239
888
7
902
71
4768
8363
8890
7876
1824
6689
594
754
3852
1658
9870
7826
6163
7135
9436
7001
8
4117
4673
4519
2978
6744
8051
2324
5355
6454
7105
4712
7146
6394
7131
7499
3251
5024
9321
2238
3121
4391
4520
7230
481
3296
9495
1736
4123
7405
3040
3146
6058
3091
1652
1638
3249
6217
5970
8592
8750
5896
4439
7080
3239
9568
7244
430
4604
9976
1370
5956
6342
4912
622
5311
3969
6608
8389
6186
6316
5193
9032
9965
4974
3813
6353
498
7167
2579
929
8339
9310
315
7462
2439
8094
9151
3491
8242
1424
8871
5448
1290
2150
9707
6354
5352
9137
3611
5622
7933
1945
6612
3140
4839
5002
2740
4433
9308
4215
532
1313
3485
5590
9664
2962
4611
1314
3737
7118
8609
4516
530
358
3915
7990
8753
6176
347
2754
4210
6870
3845
3775
5271
6717
9676
8192
6656
8196
5123
9384
1683
9460
3875
2196
9497
4611
1068
7315
4579
62
3064
1858
8936
8835
4290
4281
7991
5697
4215
5800
1680
9174
9383
4034
8281
1535
6359
1439
5998
9937
6718
186
5604
2429
6662
1235
7174
207
8936
3485
8199
7257
3478
7782
9900
2007
8577
1567
9534
3895
1818
1950
9516
103
6193
2191
1127
9203
4287
3872
7051
9053
5151
1874
3531
3824
1607
7974
2028
7626
483
307
2480
5465
5579
9698
2227
8231
9673
3409
4403
4213
3540
740
3383
8854
9564
1428
877
6014
7690
1248
1003
3252
8917
8406
8883
7595
429
7839
2303
1466
5682
6104
1620
9038
4505
7208
8291
8027
2128
3991
907
2480
4914
9781
7059
9537
8248
5116
1874
792
4821
7575
427
8610
6284
5735
1640
3997
5445
1367
3389
594
2326
8537
3843
742
7170
5444
1735
6388
1305
467
896
179
3523
5939
837
1103
8695
8270
2032
7216
9432
9857
3345
4299
2037
6980
545
535
7280
6350
6746
4978
6204
7431
6311
6508
3357
4333
8007
8619
2
7727
5841
122
5743
1520
3236
2426
83
6859
7148
9920
6822
5809
5818
9389
2144
5418
8314
7354
4065
3059
2168
6327
4753
7942
899
9517
8040
5823
1770
3984
5751
8538
9153
7609
5416
5962
7901
2678
8568
812
295
6711
6713
4946
2254
2637
3774
2265
1748
9596
6810
9722
6976
577
3883
646
7474
5364
7250
9357
8273
9892
4456
9021
9734
8733
4575
1117
8510
9907
4836
536
3991
1243
399
5307
9111
8741
8868
3618
5972
31
5314
190
7993
1423
2887
5274
7838
2604
5454
7528
6489
3035
5850
8732
4555
5906
7111
981
5776
6726
5843
9686
8692
9006
1161
2688
6457
5243
746
2790
1684
8799
2406
2464
3168
8910
4269
9955
7115
9315
9125
8746
4199
9200
8040
1628
1993
52
3605
4449
5088
6596
7529
4631
377
6772
1899
5426
2623
2166
3975
9239
1057
5581
1970
590
6355
3945
3876
2603
7326
9805
9576
7813
4744
2650
7599
808
150
3593
7329
9533
5697
2548
7056
2552
2553
6430
809
927
812
6924
2618
3248
4968
619
3394
2316
2073
8889
4780
221
391
9822
925
9606
6352
5635
2667
2734
7710
2482
774
8717
332
3638
7432
4269
2380
4754
1134
5396
3866
564
7513
7519
1085
9427
9132
5787
2227
9534
7029
4303
6277
9793
6430
8874
8841
5015
1393
7934
3374
9679
8912
9351
8959
6475
8454
3746
314
3406
4408
5226
9899
4768
9566
7868
2299
4976
1197
6710
2142
445
3780
9653
9670
8361
3219
8183
5033
3937
2468
7243
2988
183
2187
3111
4813
9269
3273
6816
7607
1694
1731
1195
5150
42
6086
5990
9851
3723
9775
4517
6718
2777
1178
1876
1198
7576
1177
9527
6590
14
5536
2861
2079
3333
5686
6653
7377
1884
7259
1418
2801
2882
5582
614
6666
3217
8570
1852
6118
5723
7709
5474
9669
7093
6643
6578
6678
7008
61
1390
8744
437
53
2812
5446
9702
7895
7709
2565
1353
2752
7634
5248
3873
9747
460
2346
9393
2238
3159
3711
8122
4911
4930
6642
2231
4414
6547
1970
4543
3738
1302
8680
2847
1352
713
1081
1502
9443
1299
2526
1430
7215
4424
1656
826
5819
4897
606
2872
6206
5272
2637
6474
2074
7593
7175
1076
477
2822
151
4645
4863
4577
5800
8155
9058
3839
6459
262
3128
5552
748
4325
9872
8787
22
1353
8260
4877
2494
7254
9728
5272
9597
1200
1786
7185
6183
8097
5686
5944
3681
2953
6089
9292
7405
9122
1902
4812
873
8586
9526
1745
2487
2930
1491
7730
9841
1171
9843
4128
4931
1989
7450
9717
6991
1802
3492
2114
8186
2239
8003
7410
9141
9426
2448
9736
8683
5706
1994
9593
9958
3274
6451
9407
5561
524
5930
7393
4724
2475
6690
1809
9056
1782
1887
4746
5462
5256
9296
1640
8608
6814
9605
5016
3859
2372
2770
1677
9377
798
557
4284
8002
2631
4654
6209
8028
51
8402
9194
9103
9049
9704
4047
5987
5853
3118
4638
2119
8559
6906
2872
6737
7913
128
4070
8544
971
1247
5405
9564
9512
1916
4973
5210
3648
1817
3620
9767
3811
5544
9114
8963
5530
5036
9366
5629
6454
4642
676
4169
2320
8691
2814
7100
1277
1082
17
7547
8410
6090
8144
3515
7516
7496
3354
7870
1360
112
2001
9556
8088
2244
8784
8741
1178
9243
6088
4283
2645
428
9417
5650
1674
1926
6756
9056
3416
8880
8800
1192
4938
9930
2994
4542
6861
7405
9632
7532
5921
229
8606
9324
6995
5442
7933
1332
4445
3044
1227
2562
8113
3074
9257
8140
6383
1489
5465
6869
8138
8814
5858
425
5715
8440
8314
7484
9543
6098
3467
7589
8845
7143
1897
6622
6517
1522
2451
8413
5301
460
6889
7995
4482
9785
8892
311
468
2051
5728
1042
5202
5143
9549
5522
2520
6475
5451
9303
846
6557
4959
6245
8060
6476
1061
627
1715
5146
9422
4246
5186
8447
2616
9847
1838
4643
577
9594
4778
8383
4603
2966
1584
9433
7330
8383
7365
4136
4891
2178
8220
4406
8251
8026
1806
6445
6846
9140
8763
4082
8449
6576
8199
8024
1275
4399
9672
4624
6020
136
1792
410
4469
5023
7315
1222
8305
2049
3942
488
3319
5547
1873
6021
9826
8044
9136
3352
5462
8601
1946
9509
9069
7946
5053
7453
2715
4490
6028
4597
7271
8112
5733
392
2405
4164
3201
1304
8626
4721
5012
3639
1017
2333
1778
6758
1098
964
2495
379
3284
6876
2748
8999
8044
4736
3010
4406
5294
7462
1413
1063
9210
2324
1761
9660
3639
1113
7003
301
1714
3116
8191
6082
8691
6348
1342
7895
1241
4629
6257
8567
5953
6468
3851
9177
9000
2274
1436
162
1761
3043
5506
4952
9338
9917
2258
5025
7645
2045
26
7189
5388
8960
2316
4012
6040
154
7345
9336
8067
31
7160
4540
8357
5831
1723
9852
6121
87
2117
2633
2429
5325
2309
9416
1601
9947
2278
4362
6559
7808
8428
7534
5194
1355
2770
6687
6386
714
1785
5262
1487
4223
2459
2635
9861
8121
4443
5217
1904
6547
1626
2077
1185
6952
7886
9507
5099
1198
3718
4193
1024
9700
4383
606
8948
115
2122
5662
4809
1765
6587
2871
508
5894
6313
2799
819
3610
9552
2378
5679
9455
191
4539
9132
240
7886
5771
802
2995
1490
8562
9174
4386
6921
8469
1208
3253
1945
4724
7767
3444
8927
763
4664
3670
3043
7123
4560
426
2076
8453
5197
7399
4204
2884
5026
9865
2369
7458
8568
3828
6993
1772
1594
7532
732
9303
1903
7729
2896
5360
9605
2717
1405
4603
4223
9667
7862
5827
213
7707
3214
9879
5589
6990
9035
752
1489
9621
7380
5134
8607
1126
7281
3638
9370
1136
1964
6124
1969
8110
6696
3555
4368
8476
2332
4007
2418
6810
8991
9795
7612
1871
500
2972
9205
4218
1100
6528
5161
7427
2334
2006
3988
9544
4189
8193
934
379
3490
8774
3803
2719
7075
4554
4737
9775
3773
5514
5022
6636
3759
3336
8995
24
5407
7116
310
2883
2661
5265
7409
4998
2040
8811
350
2227
4365
4773
6119
3455
4860
5226
6809
3560
4455
690
6090
161
9348
6940
7559
1300
7725
2003
9317
1564
5675
7019
2504
6680
9919
6422
207
1798
2159
7940
4979
9698
1663
8044
2685
9355
9837
2814
2867
4866
2939
1539
53
3807
9645
8944
1739
4074
4706
4724
8052
1596
5796
9820
4879
3290
7684
8650
7953
5644
6882
837
1262
8476
2613
1299
8531
3459
1472
7413
2477
5191
5675
1489
9624
6281
983
474
830
6919
941
1656
4910
5734
805
4835
8622
7722
774
2933
1986
6713
609
1347
7673
1377
3843
5583
3533
5449
6140
4702
4231
2628
5162
2088
6044
3344
9434
7380
4501
4264
3788
1053
4860
3315
3806
4941
8495
1283
8514
7480
6127
7064
9235
4363
1790
5252
9802
7205
9472
942
6904
21
718
6505
7676
2939
1246
5674
2200
3609
8093
7903
7227
5766
6153
9953
2294
4486
6927
964
3911
8561
3
6933
1115
4950
366
638
629
3841
7536
6016
3077
9668
6333
2986
8710
7783
1063
8173
1552
3738
2375
1025
3519
869
3087
5365
7057
7984
1711
3047
2142
5585
8152
2769
8336
2450
6674
8606
6842
5691
4940
360
2201
5648
7281
3647
8508
3432
3239
3416
7526
3368
4162
206
5304
8383
2535
362
5259
737
6329
5087
7504
2959
54
8838
975
6286
240
1108
7943
5230
9275
1860
3736
2410
7283
2890
9699
1483
4542
3568
8297
1341
8747
955
8336
7241
8652
5295
30
4604
4079
1295
7921
8941
7050
8735
654
5418
153
9578
8594
856
2046
6551
1769
6834
2518
1721
542
6223
1836
9328
752
4675
4151
5246
6130
2826
4464
1997
641
9005
1213
3320
4969
4225
6463
2962
7689
3913
8383
5749
8051
3167
323
2966
930
659
6331
6705
5349
5330
1117
1793
345
7433
7383
8225
4936
2844
6795
6171
7118
6233
4496
3508
8999
402
982
4056
7207
3239
8773
8016
3366
6346
4408
1816
2793
5437
4173
8760
2589
2480
6360
9038
3842
6168
5219
4653
8552
2919
5672
891
2444
8268
1283
4848
1073
3727
3436
8903
8567
4194
5793
6111
8125
9100
8247
8865
5778
6969
8271
4276
9433
4147
6434
8645
1054
3248
5795
6774
1558
8136
6845
3242
4912
2840
8448
6151
2818
3598
8754
1152
2006
5312
6686
1740
4291
8057
5759
420
7060
8506
7507
3180
6769
3144
8962
3292
4607
9046
3649
204
1855
114
9760
868
3054
3954
4432
8335
5514
9887
7122
2748
8404
350
4654
9037
6118
1597
2874
6861
8158
5759
192
8114
2520
8854
7711
9646
6221
3541
9709
3068
3212
2209
244
9849
4860
8953
7458
9187
5434
4675
8274
1341
5412
3749
2894
5663
1536
9307
5713
8241
4956
1074
9980
333
2228
3931
5322
7145
8080
6980
395
333
7795
423
6163
5634
9016
4205
995
1622
8403
1482
3659
35
35
7751
6907
9648
7546
7935
5874
6678
3701
6147
489
6362
8438
3078
3248
3360
4862
1790
2861
3901
4784
9296
5400
7272
159
4421
2999
6868
9216
4098
8170
6600
4002
4019
6875
2703
9007
4162
3929
8090
6807
3103
8603
2878
3701
5684
8490
2114
7340
1319
6388
1656
899
4068
8384
8157
9721
96
8829
2627
5271
6142
3305
2713
5450
8203
1272
2649
9441
487
6551
900
5295
1413
1483
1708
6509
5550
1830
4342
309
4281
2889
9311
3474
5350
7480
326
8597
2634
8368
7104
1316
8658
2481
4731
1782
5828
6253
9229
1581
9700
6475
4048
5531
1622
6602
6219
9620
2038
8154
4195
205
1730
5567
2766
2770
1048
4638
9670
7968
2500
6965
31
5630
9771
8021
4868
8332
5661
4266
3975
9567
2200
2813
7550
4928
9005
3591
7261
3364
9326
6553
1426
2998
2854
133
9993
8461
7664
4544
1054
9471
1445
5734
3860
1159
660
1968
8300
6326
9407
1435
3905
1257
629
7013
8821
7767
7002
8476
149
1681
9182
7792
6504
5965
5646
2634
9679
8658
5303
9126
2349
81
4457
9218
4378
1184
3021
9042
6576
7475
6926
8365
4003
3381
5255
5108
1811
9357
3228
5929
3204
5635
6740
334
3252
256
4458
3545
6187
8823
4691
8592
5676
3363
2796
9299
2688
7717
4773
6344
7835
1610
4250
9273
1526
3553
79
9877
6433
1922
1993
9725
8304
6464
2983
6937
5185
9560
5409
9491
2194
929
9455
7922
4023
4835
2682
4420
6354
1279
811
7274
7660
5344
8527
8257
5289
8464
4020
569
4399
6288
6495
2899
6014
7333
5068
3412
2703
1521
1544
8526
8169
4073
4294
9131
8085
2941
7067
1890
156
9239
5668
176
5777
4952
7713
9386
7375
7082
5533
5530
5347
702
7061
417
9181
3815
1677
981
1592
1628
7268
33
8026
3921
9025
7596
5483
6756
7751
4107
2714
6403
4454
1077
634
8351
4954
7252
3780
5051
3644
7283
8608
131
1560
460
7472
3474
1378
8197
635
9728
3608
5963
9808
7293
1552
8062
8828
809
3074
2279
895
2804
5588
278
5998
7861
4844
4401
691
4737
2102
4856
6421
2854
4067
8254
7646
3222
3182
8488
7859
438
7221
1177
5336
9678
7818
9741
2146
2247
2227
8378
1968
6626
8258
6035
8300
3335
3886
2180
6600
6971
824
4217
9639
4664
6984
7511
2648
9467
1748
1158
8095
1136
4813
5789
2417
1332
2309
9708
3669
2958
8705
9647
2889
7462
6832
9925
7335
7967
3884
1205
5908
2688
5745
1175
2779
5680
5613
3659
5304
3263
8389
5513
8340
2381
9056
2767
7032
3305
840
4299
9756
9563
6132
3922
4736
1589
432
4897
4759
2504
8399
8122
9526
5339
8527
2455
2409
4513
664
5679
7729
4734
7161
973
3121
2029
7032
7379
6190
1044
4342
2225
6924
2795
6853
4718
2184
1105
4440
5694
8132
7937
6576
1321
6783
8434
7033
8020
1804
8312
5290
3670
2577
5582
3812
4964
8510
4528
3979
6514
6582
9386
9221
6845
8060
948
4621
3168
4411
8568
9210
836
5336
1936
6023
2886
6290
4205
4486
2901
6718
552
896
3334
4053
9559
9211
6446
2153
1705
6373
8642
2443
3436
7724
3922
5774
2564
1288
5920
9689
6414
337
2379
4938
9994
2774
4785
4677
3297
6675
5961
8100
7862
2734
846
4426
2991
1582
8435
6228
3819
4922
6122
5726
741
9574
2279
3135
55
4832
3887
7703
9262
6704
8930
7791
5596
4579
7632
6964
7645
3362
855
7686
4178
1490
3471
8590
2427
6288
1113
9947
1236
7095
6668
1850
5443
5962
2706
854
1385
2828
8311
4600
9655
9653
947
372
6212
7978
8764
3013
1018
9626
6596
2347
4312
3417
9490
691
394
4284
3439
3879
6217
2288
7517
8305
6257
4
8703
1648
1755
6614
4509
9231
3869
9326
2226
8514
3155
8883
6642
6488
8097
7624
4108
6373
4120
5038
7243
4757
767
5104
144
6903
3760
4677
1142
4323
1191
6331
6087
3825
5645
5504
9413
1924
9118
7047
3863
3830
9352
9319
9106
7628
6971
7666
2239
6262
3267
6610
4711
5201
447
9563
7560
3382
674
7296
9824
5120
4718
7266
8924
995
3691
838
4996
7495
9475
2881
4216
4086
1960
2648
7231
2126
9583
9165
4484
3142
2909
7498
9259
7013
857
9028
2717
882
7584
8705
2745
8326
138
7725
6429
9213
2486
8679
553
7945
8203
1554
2313
4459
3229
5588
1937
3212
6199
8269
3555
2436
272
7995
8917
6274
7483
4174
3481
6756
8238
5370
2378
2614
9453
3156
3268
5701
3273
3711
9524
4471
6849
4328
7850
8316
3279
5916
2743
8660
2340
2931
9379
9094
3241
6224
1774
581
7193
3891
4408
5786
7073
1214
2572
5297
750
9965
7031
1454
3666
348
9175
7701
4418
7959
413
8217
1726
1901
274
9678
2835
9905
342
9093
5898
6598
8564
2668
4765
5076
6309
7209
4576
4063
2169
2213
768
5961
8004
1457
6641
6789
9299
1197
387
4989
4188
1760
6727
9700
7755
350
1138
9820
7503
1354
3304
8214
3122
5270
5351
6006
8842
5258
9951
7823
7118
2436
5253
5894
4578
1845
6604
2620
7539
2160
4625
1851
4655
312
8140
3928
3886
5001
6351
6557
5436
4861
5721
2613
1010
3242
7059
9765
2748
7472
2226
506
4419
8346
4488
7874
7081
2695
8480
8603
12
1590
175
6092
6930
4874
6026
1758
4579
1076
6486
2081
1460
803
3065
9364
4093
9491
7273
9601
8122
6432
5226
5446
6694
2367
6941
3748
7744
44
3954
9963
3319
2419
5236
4132
8529
8300
2397
8823
3982
3580
1134
9565
963
8080
7406
3871
7286
7842
8423
2159
4544
913
6730
4427
5313
1022
8096
4949
9322
3351
8905
1489
3265
5709
3937
54
5214
284
405
5706
4084
9113
4620
9658
9464
852
9096
8317
1033
1084
216
187
1177
7780
6484
8535
5617
8336
7227
997
5123
6538
2892
2765
4999
7139
6819
4016
7016
8064
5821
4993
3721
1094
2946
5038
9644
6437
921
1458
720
2793
2416
1353
9511
1500
5010
7502
671
3666
1752
1899
8377
1064
8748
8588
3527
7691
6249
4331
6659
8734
3026
8772
6405
2191
1594
6194
7617
5214
7864
8834
7000
9849
2930
8955
6547
1584
7003
5150
9328
2488
8177
8244
9603
9874
303
9895
6195
7105
213
8429
2999
5193
7546
8204
7426
5581
5688
399
4096
3137
7072
3756
9379
5890
6839
7508
7686
3387
7996
7565
171
5664
5547
1191
4466
5826
9427
1089
9940
747
408
8407
4560
3005
5419
7071
7525
4251
8901
7919
5869
5936
6134
2672
4889
279
1633
9116
6817
2147
7335
1002
5199
9882
9372
8874
9201
1297
9984
7905
1803
722
4620
3100
3467
987
721
8433
8324
2073
3888
3400
4695
7745
3223
5372
8569
7229
1606
9090
6653
1460
5680
2079
592
8348
8769
1674
7062
2774
1485
9587
7812
6187
8338
2934
7084
6148
8639
930
9049
4766
8447
1705
5524
1867
5224
5457
1246
397
7511
3904
9641
4703
4139
1593
5613
460
2668
4737
8868
4407
1359
3199
7079
2291
251
4686
110
1334
252
7270
7253
2117
4035
2218
975
1219
4437
3853
5496
2202
6081
4535
9099
3809
164
5782
3103
5878
3465
5812
7413
1232
381
5121
5841
8481
3734
7944
6214
7699
733
6934
8582
6652
2325
4852
4659
9717
3269
6515
6592
2944
9006
2930
1804
7933
9537
3589
3357
7254
9534
40
2606
559
3116
7519
119
5079
5341
7463
5734
7683
8454
4988
3564
6786
8533
6609
3072
5689
3481
6744
7119
9186
7286
1082
1248
184
7663
6540
9271
9375
141
1237
8062
9974
9688
7375
4974
6798
7355
2033
6028
1579
2949
6762
6350
9412
8240
6743
3629
8671
5038
9040
6721
95
9105
3810
5099
314
7578
6226
6710
6519
5774
8777
513
9118
8428
6566
9530
1034
7249
7480
6076
6417
2036
6760
8437
122
1309
1594
9255
7003
1903
4439
6900
9635
4208
4407
5679
8940
9686
7985
1527
4387
3618
6300
8949
7920
7873
7712
1116
602
5050
2468
1956
5682
6872
9526
6762
9141
8503
1644
3264
7553
324
354
5463
317
5673
9074
3691
27
1656
1257
3406
1171
5014
6534
1737
3681
2549
4367
2963
4125
2804
8169
4498
363
5767
7118
2254
2359
8864
1874
2656
858
4599
6218
9555
3317
8930
7600
2675
8973
7515
3053
9925
9927
2247
9157
1865
3453
3956
1085
5253
7924
9768
4209
425
736
2212
9146
8283
6569
3022
3286
218
4327
6879
6639
9488
6642
212
5474
719
646
2843
1231
1558
4796
7313
8711
1042
5428
4911
2181
5360
3691
9292
6506
7546
5483
4890
7723
2997
2593
2772
7352
9176
4283
3535
4750
8901
4282
5942
150
5381
2973
9802
4271
1223
4579
9363
2397
5692
4139
5274
366
1307
6778
8389
7706
4231
5963
7903
4779
2018
3712
9868
1234
4580
5471
5139
4841
3565
1170
6581
580
687
5010
5241
339
9035
2976
8076
6936
1744
7798
6134
6015
1581
3900
7868
3043
8198
2802
2317
9442
2692
9838
6235
3478
2438
7076
1852
300
5729
5914
1853
9802
9330
5226
8707
5496
6474
1095
8080
9885
3765
6321
1734
3216
6502
3210
3785
262
6136
1990
4451
2005
5487
7536
5530
7437
8402
9763
4224
9789
1700
9105
7485
3834
2090
8682
5779
4365
2613
5298
4972
1998
4020
1407
6082
603
199
7947
8891
7429
3362
4630
4298
8604
7666
5421
3259
271
4013
5848
3329
9443
1580
2134
1542
1751
8445
1117
6601
8070
5341
8234
9158
9512
1987
3505
375
9797
7697
4992
9559
1236
9718
9325
3914
7071
2680
7123
7467
1211
3633
6647
6797
6354
4209
3073
7682
5295
2052
7843
7410
1338
5247
3300
3104
747
371
7835
8819
3956
2229
8705
8810
5586
6967
3792
7394
7645
5311
5190
4981
5735
8007
5317
1500
6084
166
4776
265
6865
2053
4364
5972
9224
3338
876
411
9545
5388
9451
9597
3919
4796
4942
3578
2291
8012
3691
371
9615
925
1171
7026
9955
3061
9335
9437
5504
2714
2471
7988
8599
430
7757
1353
6496
490
1386
9015
6733
5751
1911
6596
8060
9302
5656
9932
7879
7500
6237
3077
2447
2421
2484
1510
6521
5078
627
4975
1215
7047
165
937
4354
6760
9272
2186
1891
2952
348
2276
681
452
9040
4836
392
865
5517
543
8774
7462
6270
6310
9799
4567
1110
404
5905
5587
6399
9769
8158
1583
36
94
1574
1350
5057
7096
8044
2123
9659
7102
2041
2204
229
2430
1975
1137
1768
8990
2839
742
528
3793
2332
6737
4263
1329
190
6622
9952
2351
2936
6054
2269
9224
7197
4888
8927
6900
4371
6889
8346
8223
9126
6765
2374
2153
8168
9510
8609
3375
390
5320
3128
3278
7864
3164
5095
56
7038
8633
7976
189
8594
6654
1831
6472
5235
8606
9509
7206
9417
8798
6944
439
1355
6305
7899
2596
6477
8888
4374
8047
2880
8040
7869
5848
3394
8406
9637
4136
875
8436
7861
7050
3210
2207
3240
923
6944
2480
6911
6204
3478
6314
9205
647
6911
9639
4478
2187
8673
1594
4725
6375
8407
6588
3820
4575
3677
4587
3349
1838
1052
1261
8857
2977
1141
6375
8277
463
8451
337
8273
7883
660
5489
7393
3036
5098
1504
1387
990
3653
7615
339
3040
412
2340
247
9785
9023
5159
6804
5850
2978
4403
1373
5414
9709
1448
6049
1486
8252
4518
7201
4539
2287
4426
5418
6192
1965
6077
7036
9279
1119
4116
6222
1961
214
3200
8278
8708
7010
3832
3522
6719
8571
1949
981
9439
638
4759
7801
9188
4756
2526
4086
9127
4248
5077
6886
7590
9884
179
2565
6632
6991
3319
4437
3267
509
5292
5457
4756
8234
5778
2413
5389
8441
2635
2272
6265
4015
8422
5811
9731
9728
225
8225
1858
7777
3841
9347
6641
3372
7054
2189
2449
1436
2796
5604
5617
1538
760
5969
5519
7702
8461
6573
5159
7400
1930
5031
7689
2859
7849
7981
8152
5103
6799
7038
1492
2817
4129
3982
8038
320
7289
1105
6114
9984
2652
6441
3956
8133
7599
583
4386
2834
3029
312
3666
1027
6765
7697
1434
5
3151
1983
3919
9367
539
7789
3691
5440
6817
9510
1827
594
4028
2748
5350
3120
8408
588
5129
3920
7526
7848
584
5395
435
5147
3360
6563
1921
8933
3249
371
9333
2539
1762
1826
979
781
291
6528
9410
871
7006
1133
87
2764
1070
4987
2618
9725
7040
7506
6946
2274
6451
3251
7609
5363
5581
9947
9510
6005
8383
1496
541
8387
1343
1532
9579
3991
4725
3485
4136
2335
9260
3096
1843
4718
2545
8878
5160
863
3160
7329
5363
1820
2703
5575
502
6562
8049
3174
3022
8555
4978
3821
5593
272
5367
5929
7140
6797
367
5822
7896
4340
1303
8153
8534
7067
4832
2277
1282
9104
9396
6774
2023
2772
8536
2081
6349
4000
4091
8105
2241
1396
3753
3668
2470
4325
584
8193
2345
3305
8946
1126
3814
7582
7269
3350
1576
6358
3459
1958
7313
6793
1755
104
8356
2882
875
6238
7062
8811
4324
3324
5896
2244
7556
8510
6722
7950
5179
9342
1228
3472
5008
426
9139
44
2649
6744
531
688
4665
509
1072
3933
1292
4823
9381
4080
4397
6555
5803
1145
7028
935
4553
2575
363
1331
3487
9043
6279
857
3154
6518
6781
5089
5282
8414
6167
147
5741
3970
6803
4464
5206
5386
8338
693
3881
1546
7862
575
3874
7989
470
1564
2021
4345
231
474
9807
9978
6517
1929
2012
9165
9510
7373
7133
3983
9752
651
1472
6603
8529
9018
8420
5569
474
9161
2937
1980
5380
6693
6864
2380
3241
5681
1842
825
2160
4027
9175
5273
3831
2944
1409
89
2739
6064
2184
6300
1692
1003
7816
6988
5282
9929
1406
8054
3242
1499
1875
36
743
6623
9753
9792
9391
5778
5810
3198
3355
477
5085
3421
4030
6121
2389
863
1971
671
1170
3295
959
1468
1717
2429
6582
2401
9146
8237
9727
7738
7946
369
1016
9115
1202
8625
6926
3112
1968
2031
458
476
7231
9297
2697
5234
1426
7056
1454
8608
9097
4326
4208
3307
4910
6254
5015
8133
6680
9592
3081
8539
3304
8127
8658
8339
4397
3733
3539
4455
8046
1094
8615
2737
7457
9195
1228
7982
6755
9407
514
2442
5819
1788
2777
2657
5622
7471
5062
3825
6750
6723
7662
8074
1872
4703
3547
668
5520
7285
6650
3394
1227
1312
390
1657
2761
9394
8104
5269
8451
7984
5610
4429
8395
6049
427
2185
9857
1738
9212
5452
9391
8218
6089
6606
9701
4241
3301
1340
583
8807
2654
9670
6014
2491
5092
6484
5651
8270
6664
7129
4184
8662
3015
4606
8726
7988
4894
7737
9311
1070
5342
3133
7552
1615
1287
1787
9483
6615
2543
57
8381
2789
6006
5117
3813
3576
621
6386
695
6606
1907
1967
6385
7579
9825
9618
9082
4389
165
3329
2732
8764
3454
137
1156
3023
3483
6390
7764
7573
1185
8023
5357
349
2107
372
8931
7601
9762
4211
7998
4089
5871
9326
7852
1815
6904
6703
8936
8654
9807
2169
6038
721
6355
9359
2654
1747
6379
179
6300
3761
7088
1683
5244
8835
7450
2062
7500
8728
9772
6109
8807
8533
3123
5714
1381
9177
1393
424
1119
8767
1754
9170
6910
4698
7380
3372
6684
8576
5560
3814
204
8369
3790
1707
3956
5458
4633
1246
1120
414
8741
6290
7524
6503
7494
8037
9316
7620
160
8307
527
8730
8647
9165
1140
1871
6640
3410
9307
6528
8620
3379
6849
3225
415
4185
3258
7473
1937
5219
6355
9695
3004
3389
3954
5976
9378
4707
5440
9460
2504
7757
3976
5693
230
2208
2668
5118
4148
6700
3490
9799
9996
2054
357
5179
8525
1487
5051
7551
8742
3579
2085
4936
2638
4124
3311
7478
8201
6804
6014
2088
7728
7595
33
8060
384
9483
3087
2321
495
2669
6941
7426
6353
5605
4045
1480
6888
8033
5063
5791
7669
8472
5204
1370
2299
108
9790
3644
1638
8952
9183
7702
89
8515
752
4295
1928
6986
5716
8845
9116
6666
350
3436
4005
1031
5141
3313
7211
2804
9041
1929
700
3340
7354
7655
381
2481
3465
416
7844
6179
3570
1490
1522
4259
8177
2990
7346
617
7538
2573
7840
1116
2847
5378
1584
161
9271
7325
2706
4616
6269
7522
8435
5156
8487
685
2399
4967
2642
1585
392
9563
8892
6524
5323
3460
6714
6948
6401
7431
1686
5803
8643
1011
3425
8017
7285
6928
3872
5899
8470
5221
2921
5868
2369
3591
926
2613
3097
46
1074
6003
5326
1571
5972
1180
3677
2996
1855
853
5154
512
5275
7445
1037
4504
1472
606
1600
3828
9712
9124
1166
9342
6898
7468
83
7258
4292
7311
2718
4336
1273
6194
439
812
6393
1521
7499
7637
5021
849
4487
6817
3474
6346
8175
8886
2585
1456
3572
435
1503
5650
2983
2234
6245
6578
1307
1313
2606
2946
1792
3395
8036
8448
2728
9502
1578
353
2997
6038
7332
1938
7505
4408
2843
2761
6871
9878
2193
1067
556
4046
1185
4731
4159
4295
9955
8584
7338
5422
9955
8990
6276
6464
3607
2576
1080
6026
978
4617
8940
6447
5523
2100
470
6444
9598
483
3252
1198
689
498
9709
1125
7820
2804
4451
2052
6383
8852
4825
9217
3618
4450
6093
3616
165
1729
8831
3930
7333
5566
5165
9150
4553
7366
9184
3173
4580
6633
2010
9597
6166
6830
574
9433
9694
3852
76
2874
4762
8478
725
9665
6659
5759
3520
706
5622
8669
993
1743
3249
6289
1995
861
6547
5225
1065
6562
3581
8214
3781
5630
1376
428
9186
6065
9815
5602
5183
9837
2128
1882
8544
6905
1211
6526
4742
5577
2056
992
5641
8520
6664
210
4621
4481
3106
5161
1455
9806
5034
9907
8782
639
4222
6533
1928
5586
9759
798
239
8291
4688
4624
2138
935
2931
9859
544
6963
3255
9437
4468
287
3450
2989
6825
1242
6223
7034
1339
409
1454
9123
4331
1506
9220
5436
8605
2879
4111
3946
5204
6991
9594
6956
7725
3392
3638
3171
2803
3612
8163
4637
356
2238
5779
1085
4129
7494
1672
3394
2314
3680
740
8905
9386
4554
1764
3948
8574
8621
5926
974
4721
503
5712
2325
6610
1277
3921
197
8957
5125
637
7969
4237
2113
6774
9310
9517
451
7900
7114
2200
2255
187
6186
6997
6819
5767
8844
2538
8444
1712
3677
8858
3692
9297
1238
6624
7179
8100
3754
9508
9847
1560
3284
5828
5751
9518
7849
4919
9617
6395
7023
2322
9498
9568
3541
5592
1414
2954
5336
8572
4003
4865
4238
4857
4648
3826
5202
4154
3500
1968
9341
9714
8551
8725
8115
5556
3544
590
1999
2451
4981
9995
9917
5028
954
7165
71
5070
4598
3616
6789
7491
5736
4602
4289
7599
3924
4910
8772
4404
8078
6897
7589
1384
1923
2589
8933
9990
3442
3270
1524
4941
1546
9973
9283
9639
4760
3331
2208
1866
58
1951
5250
638
5012
8818
5984
2301
8220
9778
3438
9857
4056
5391
4615
5892
8381
6981
8264
8190
4305
7166
7678
6553
6819
2614
2941
4807
1028
3015
9418
7261
6836
909
364
9654
330
8972
1117
8799
9544
1098
2750
9779
1292
6786
7488
8255
1064
6796
3027
1961
3388
8808
444
1136
9413
254
2731
1421
5289
173
8095
7170
4000
1926
9050
7047
3412
5918
962
6183
7363
5604
4318
1209
1901
3465
1631
2981
3470
8734
7910
8289
8678
9667
6370
9892
1945
554
206
6452
1383
3024
8552
9174
6281
3160
6968
3756
9002
3893
378
2824
4433
7587
2900
1392
7363
4110
3969
8478
6076
3933
9548
9506
9454
9425
2769
4939
3626
2305
4371
667
3493
1546
1497
9984
1234
9186
9235
3127
5924
7658
5126
2767
9797
2974
2100
4074
4810
5266
7528
8821
4187
5577
1579
8731
5673
4603
1676
5773
4527
8054
3768
4783
6491
8056
374
5293
9207
8313
8801
3031
484
1886
1902
3709
2262
2676
4309
9427
3891
2475
4209
5905
6319
703
7338
1114
6057
5836
670
3325
5914
4366
8632
8487
1555
1815
4423
2835
8568
8689
9288
5119
125
8672
9352
9426
1102
2807
1445
5268
8165
3868
2100
4381
9786
150
5374
8335
4273
735
888
7699
4203
582
5220
5219
298
2465
5182
688
5000
2064
961
6915
1650
8615
2932
8171
5663
6348
4399
4296
8450
9833
4515
3786
184
6597
172
1310
4830
9043
2412
6925
7260
5615
4046
9566
7315
8231
6586
5797
938
4193
7690
3879
9232
387
7256
9762
412
2406
3701
9578
8073
6700
5904
5225
758
118
5163
1053
6528
2335
6931
585
5337
9890
8188
942
2827
