331
856
23
814
546
23
694
197
790
153
84
251
990
890
195
673
774
918
836
2
897
262
442
42
388
522
198
928
505
997
192
958
469
229
740
39
744
324
774
216
90
50
894
19
321
597
251
409
95
565
330
820
147
96
309
477
519
697
955
100
421
717
874
576
716
333
320
744
488
272
623
647
289
886
177
161
344
225
991
563
864
46
648
158
959
287
539
358
951
547
165
39
738
194
409
90
867
552
617
958
537
556
161
644
680
53
444
666
720
641
957
445
341
844
541
858
173
621
145
209
292
446
653
711
468
415
854
123
915
959
406
313
33
213
550
316
427
153
652
842
663
507
170
609
921
616
359
268
990
797
95
440
424
36
386
632
842
878
22
359
921
16
670
631
997
382
181
592
796
589
36
655
320
234
717
961
219
3
346
333
876
5
507
761
526
269
888
548
762
912
872
866
719
118
976
785
636
444
933
640
869
796
392
453
770
7
781
269
242
219
332
486
521
145
582
14
213
621
383
800
63
927
697
308
163
331
230
61
350
144
398
487
453
441
743
779
25
226
806
54
731
323
632
631
752
388
17
14
441
248
272
395
239
652
500
705
84
82
893
336
236
459
553
733
393
432
90
519
251
507
962
463
864
940
1
651
396
438
399
197
839
624
657
849
361
173
807
375
517
818
1000
986
862
174
530
767
522
780
373
561
390
443
512
678
249
131
723
768
493
212
724
299
426
479
890
831
390
139
880
643
605
191
753
168
622
708
826
703
54
542
794
134
920
811
973
670
288
392
141
161
996
272
525
200
391
44
108
910
866
772
959
147
909
407
695
228
616
82
166
603
131
751
954
786
674
324
758
877
934
842
455
496
100
621
835
478
105
721
376
314
325
189
502
363
810
207
265
452
244
747
991
845
595
646
545
557
692
667
689
689
378
679
512
655
742
989
981
617
607
367
182
130
66
997
587
505
65
479
30
280
42
619
855
999
178
262
94
548
857
66
249
382
648
350
557
846
245
599
921
261
962
84
437
872
541
802
235
990
996
799
936
484
555
612
763
631
43
170
674
774
741
477
623
344
24
310
240
355
73
726
123
920
479
339
131
241
957
852
669
504
814
654
529
666
676
543
358
795
290
206
843
241
231
157
136
74
382
781
983
38
379
989
924
943
624
266
585
416
223
221
18
946
154
495
196
868
904
894
934
287
186
655
774
429
63
845
695
282
715
582
265
926
927
33
522
846
642
695
161
518
441
751
541
378
692
959
637
707
510
526
561
26
663
75
567
403
983
383
770
346
330
168
864
351
852
655
31
55
213
94
824
767
441
756
75
323
538
801
554
808
963
915
437
78
441
944
38
765
518
334
958
716
803
454
935
530
543
567
701
173
692
327
353
261
875
427
395
254
465
651
369
109
459
410
70
759
910
217
814
525
354
626
649
366
935
975
554
269
838
914
897
26
574
471
43
236
998
570
279
20
721
298
165
879
94
280
382
262
552
185
844
742
559
864
787
562
396
497
303
818
191
799
668
147
864
809
349
293
846
924
630
974
546
519
379
621
15
939
840
674
920
383
842
100
512
132
687
256
303
390
668
703
605
271
862
120
532
393
170
996
972
326
136
147
745
899
434
23
844
972
476
1000
241
924
691
661
335
299
285
764
968
868
216
465
643
453
392
326
53
844
550
950
245
57
249
316
872
369
220
155
375
468
191
453
305
856
84
485
52
465
96
765
485
961
750
639
256
109
648
554
825
319
651
219
388
225
486
1
466
127
118
617
87
142
958
951
259
68
322
861
970
431
480
544
330
981
170
464
279
694
867
418
652
253
248
78
294
499
308
696
761
210
208
720
160
989
48
299
591
107
684
471
824
321
308
382
878
791
655
28
706
611
70
262
234
621
735
341
566
952
48
131
676
20
695
574
194
27
326
848
144
780
130
887
771
323
538
910
271
458
285
916
564
968
723
995
849
805
141
245
686
738
648
3
959
352
564
91
132
499
544
324
961
505
180
674
340
182
897
378
366
142
171
446
305
468
568
950
472
631
481
843
809
152
217
764
123
578
559
113
204
308
184
604
848
143
394
262
262
304
573
249
641
730
696
984
499
762
663
134
267
238
516
440
565
634
320
511
656
692
228
85
155
78
960
98
368
60
199
564
988
850
674
806
392
14
846
121
351
77
164
957
446
589
558
260
801
98
576
896
492
228
742
313
885
347
826
947
24
310
714
214
472
563
529
605
130
262
271
716
707
238
977
240
193
445
203
91
169
347
294
47
210
781
265
617
225
26
351
255
